Number of rules: 96
Number of conditions: 348
Accuracy: 0.11821298241733938
Train AUC: 0.9346713541898446
AUC: 0.4525772501194216
FPR: 0.9996239187664535
TPR: 1.0
F1-score: 0.21096378389075798
