Number of rules: 348
Number of conditions: 695
Accuracy: 0.7981580966999232
Train AUC: 0.9142391122511572
AUC: 0.7696085943236599
FPR: 0.1746192893401015
TPR: 0.7138364779874213
F1-score: 0.6331938633193863
