Number of rules: 10
Number of conditions: 36
Accuracy: 0.2893323100537222
Train AUC: 0.9660387231815803
AUC: 0.6961061266171975
FPR: 0.9241516966067864
TPR: 1.0
F1-score: 0.39397905759162305
