Number of rules: 129
Number of conditions: 347
Accuracy: 0.39856274184632395
Train AUC: 0.9964987876610204
AUC: 0.6540071770334929
FPR: 0.66625
TPR: 0.8947368421052632
F1-score: 0.25581395348837205
