Number of rules: 7
Number of conditions: 15
Accuracy: 0.4040906578220011
Train AUC: 0.9967024945607428
AUC: 0.6048949289743346
FPR: 0.6595072646873026
TPR: 0.8495575221238938
F1-score: 0.26265389876880985
