Number of rules: 2604
Number of conditions: 1302
Accuracy: 0.8011668969752802
Train AUC: 0.9698722188162258
AUC: 0.851751518272153
FPR: 0.1526964249646536
TPR: 0.6549295774647887
F1-score: 0.6123914995510326
