Number of rules: 137
Number of conditions: 332
Accuracy: 0.675
Train AUC: 0.7953964194373401
AUC: 0.7272727272727273
FPR: 0.18181818181818182
TPR: 0.6206896551724138
F1-score: 0.7346938775510204
