Number of rules: 58
Number of conditions: 115
Accuracy: 0.6038961038961039
Train AUC: 0.8705483009348569
AUC: 0.6467444120505345
FPR: 0.42857142857142855
TPR: 0.673469387755102
F1-score: 0.5196850393700787
