Number of rules: 1757
Number of conditions: 1657
Accuracy: 0.7643898695318496
Train AUC: 0.9953845376963086
AUC: 0.839084698145133
FPR: 0.23959390862944163
TPR: 0.7767295597484277
F1-score: 0.6167290886392011
