Number of rules: 15
Number of conditions: 29
Accuracy: 0.26270535851374177
Train AUC: 0.8869028641266806
AUC: 0.552673627930156
FPR: 0.9699050696828924
TPR: 1.0
F1-score: 0.394145849104214
