Number of rules: 17
Number of conditions: 59
Accuracy: 0.6129032258064516
Train AUC: 0.9736842105263158
AUC: 0.732905982905983
FPR: 0.5555555555555556
TPR: 0.8461538461538461
F1-score: 0.6470588235294118
