Number of rules: 134
Number of conditions: 267
Accuracy: 0.6133333333333333
Train AUC: 0.9421490932373358
AUC: 0.7075892857142857
FPR: 0.45535714285714285
TPR: 0.8157894736842105
F1-score: 0.5166666666666667
