Number of rules: 120
Number of conditions: 366
Accuracy: 0.380873410724157
Train AUC: 0.9984347105240077
AUC: 0.6580636099753425
FPR: 0.6782608695652174
TPR: 0.8592964824120602
F1-score: 0.23392612859097128
