Number of rules: 38
Number of conditions: 109
Accuracy: 0.5830910852713178
Train AUC: 0.9759981848989384
AUC: 0.7295076829903804
FPR: 0.15990338164251208
TPR: 0.32458697764820216
F1-score: 0.4370297677461564
