Number of rules: 15
Number of conditions: 29
Accuracy: 0.24044219253800092
Train AUC: 0.915043630017452
AUC: 0.5501589714929743
FPR: 0.9991920824075944
TPR: 1.0
F1-score: 0.38706479990087966
