Number of rules: 6
Number of conditions: 28
Accuracy: 0.25333333333333335
Train AUC: 0.6572663064375771
AUC: 0.5213815789473684
FPR: 1.0
TPR: 1.0
F1-score: 0.4042553191489362
