Number of rules: 86
Number of conditions: 241
Accuracy: 0.685
Train AUC: 0.9201067593257041
AUC: 0.5373967945604663
FPR: 0.9482758620689655
TPR: 0.9436619718309859
F1-score: 0.809667673716012
