Accuracy: 0.7272727272727273
Train AUC: 0.9691072506870304
AUC: 0.758114674441205
FPR: 0.26666666666666666
TPR: 0.7142857142857143
F1-score: 0.6250000000000001
