Accuracy: 0.8333333333333334
Train AUC: 0.916289592760181
AUC: 0.8624338624338624
FPR: 0.19047619047619047
TPR: 0.8888888888888888
F1-score: 0.761904761904762
