Number of rules: 150
Number of conditions: 341
Accuracy: 0.5
Train AUC: 0.954954954954955
AUC: 0.4659498207885305
FPR: 0.5555555555555556
TPR: 0.5161290322580645
F1-score: 0.6153846153846153
