Number of rules: 5
Number of conditions: 9
Accuracy: 0.3225806451612903
Train AUC: 0.48333333333333334
AUC: 0.5227272727272727
FPR: 0.9545454545454546
TPR: 1.0
F1-score: 0.4615384615384615
