Number of rules: 409
Number of conditions: 334
Accuracy: 0.6756756756756757
Train AUC: 0.9795321637426901
AUC: 0.8385093167701864
FPR: 0.2857142857142857
TPR: 0.6521739130434783
F1-score: 0.7142857142857143
