Number of rules: 508
Number of conditions: 1015
Accuracy: 0.7600884466556108
Train AUC: 0.8988345952631668
AUC: 0.7984363731908162
FPR: 0.2526847757422615
TPR: 0.8495575221238938
F1-score: 0.469437652811736
