Accuracy: 0.29
Train AUC: 0.8627254509018036
AUC: 0.49593249150072855
FPR: 0.0
TPR: 0.0
F1-score: 0.0
