Number of rules: 6552
Number of conditions: 2011
Accuracy: 0.8478260869565217
Train AUC: 0.9950437083251399
AUC: 0.9105769230769232
FPR: 0.2
TPR: 0.8846153846153846
F1-score: 0.8679245283018868
