Number of rules: 9
Number of conditions: 17
Accuracy: 0.5666666666666667
Train AUC: 0.9565217391304348
AUC: 0.3269230769230769
FPR: 0.34615384615384615
TPR: 0.0
F1-score: 0.0
