Number of rules: 6
Number of conditions: 16
Accuracy: 0.3870967741935484
Train AUC: 1.0
AUC: 0.6357142857142857
FPR: 0.9047619047619048
TPR: 1.0
F1-score: 0.5128205128205129
