Number of rules: 10
Number of conditions: 31
Accuracy: 0.5552325581395349
Train AUC: 0.9506865130086999
AUC: 0.7332706581597441
FPR: 0.05217391304347826
TPR: 0.16034985422740525
F1-score: 0.2644230769230769
