Number of rules: 133
Number of conditions: 265
Accuracy: 0.5894689870593485
Train AUC: 0.8241378596992077
AUC: 0.6369876672213708
FPR: 0.5986078886310905
TPR: 0.7636441770519983
F1-score: 0.6588802373007044
