Number of rules: 33
Number of conditions: 65
Accuracy: 0.7717391304347826
Train AUC: 0.9958789450099227
AUC: 0.7708533653846155
FPR: 0.225
TPR: 0.7692307692307693
F1-score: 0.7920792079207921
