Number of rules: 274
Number of conditions: 199
Accuracy: 0.5333333333333333
Train AUC: 0.9907407407407408
AUC: 0.7152777777777778
FPR: 0.5833333333333334
TPR: 1.0
F1-score: 0.4615384615384615
