Number of rules: 1801
Number of conditions: 1701
Accuracy: 0.7735993860322333
Train AUC: 0.996165984951775
AUC: 0.8523013034214011
FPR: 0.23225152129817445
TPR: 0.7917981072555205
F1-score: 0.6298619824341279
