Accuracy: 0.6070994139113126
Train AUC: 0.9047169464301041
AUC: 0.4759859549299922
FPR: 0.3526388366553842
TPR: 0.3058161350844278
F1-score: 0.15505350772889417
