Number of rules: 7865
Number of conditions: 3324
Accuracy: 0.5844155844155844
Train AUC: 0.9358301158301158
AUC: 0.6695821185617105
FPR: 0.45714285714285713
TPR: 0.673469387755102
F1-score: 0.5076923076923077
