Number of rules: 9
Number of conditions: 17
Accuracy: 0.7892441860465116
Train AUC: 0.985452876376989
AUC: 0.8566749059872396
FPR: 0.11159420289855072
TPR: 0.6895043731778425
F1-score: 0.7653721682847895
