Number of rules: 4091
Number of conditions: 758
Accuracy: 0.7308624031007752
Train AUC: 0.9996914849856026
AUC: 0.7245321662136215
FPR: 0.4429951690821256
TPR: 0.9057337220602527
F1-score: 0.770407108906799
