Number of rules: 117
Number of conditions: 295
Accuracy: 0.4007739082365948
Train AUC: 0.9964535194610821
AUC: 0.6530681818181818
FPR: 0.66375
TPR: 0.8947368421052632
F1-score: 0.25651577503429357
