Number of rules: 2123
Number of conditions: 2023
Accuracy: 0.5715865118850193
Train AUC: 0.9940857668130396
AUC: 0.651140115319337
FPR: 0.44569993722536094
TPR: 0.6990740740740741
F1-score: 0.28040854224698236
