Number of rules: 17
Number of conditions: 64
Accuracy: 0.8150422102839601
Train AUC: 0.9739418948307589
AUC: 0.8777863898591107
FPR: 0.1606425702811245
TPR: 0.7361563517915309
F1-score: 0.6522366522366523
