Number of rules: 13
Number of conditions: 60
Accuracy: 0.3181818181818182
Train AUC: 0.8692258168356672
AUC: 0.6879494655004859
FPR: 1.0
TPR: 1.0
F1-score: 0.4827586206896552
