Number of rules: 57
Number of conditions: 113
Accuracy: 0.4128054849054517
Train AUC: 0.7984445858375447
AUC: 0.485053946136418
FPR: 0.6179014667168108
TPR: 0.6425891181988743
F1-score: 0.20508982035928144
