Number of rules: 25
Number of conditions: 68
Accuracy: 0.7930293259634577
Train AUC: 0.9578447875551428
AUC: 0.8395473463243242
FPR: 0.14320339325388812
TPR: 0.5909090909090909
F1-score: 0.5779586725109581
