Number of rules: 166
Number of conditions: 331
Accuracy: 0.7272727272727273
Train AUC: 0.9193762132676261
AUC: 0.7489795918367347
FPR: 0.22857142857142856
TPR: 0.6326530612244898
F1-score: 0.5961538461538461
