Number of rules: 140
Number of conditions: 279
Accuracy: 0.72
Train AUC: 0.9483880960283217
AUC: 0.7276785714285714
FPR: 0.2767857142857143
TPR: 0.7105263157894737
F1-score: 0.5625
