Number of rules: 112
Number of conditions: 228
Accuracy: 0.69
Train AUC: 0.97122595714145
AUC: 0.5656872268091306
FPR: 0.896551724137931
TPR: 0.9295774647887324
F1-score: 0.8098159509202454
