Accuracy: 0.7754360465116279
Train AUC: 0.9906864684836193
AUC: 0.8568445045374948
FPR: 0.08792270531400966
TPR: 0.6379980563654033
F1-score: 0.7390937236138474
