Number of rules: 171
Number of conditions: 341
Accuracy: 0.7133333333333334
Train AUC: 0.9477388405412698
AUC: 0.7458881578947367
FPR: 0.2857142857142857
TPR: 0.7105263157894737
F1-score: 0.5567010309278351
