Number of rules: 217
Number of conditions: 224
Accuracy: 0.2693783576362241
Train AUC: 0.9796180010465724
AUC: 0.6837458987103271
FPR: 0.9577039274924471
TPR: 0.9967741935483871
F1-score: 0.3936305732484076
