Number of rules: 9200
Number of conditions: 8848
Accuracy: 0.3
Train AUC: 0.891519775497676
AUC: 0.4786184210526316
FPR: 0.9017857142857143
TPR: 0.8947368421052632
F1-score: 0.39306358381502887
