Number of rules: 219
Number of conditions: 437
Accuracy: 0.7567152724481965
Train AUC: 0.944497045902136
AUC: 0.7592328321042046
FPR: 0.24568527918781727
TPR: 0.7641509433962265
F1-score: 0.605230386052304
