Number of rules: 129
Number of conditions: 257
Accuracy: 0.68
Train AUC: 0.9621157268476517
AUC: 0.6886748120300751
FPR: 0.32142857142857145
TPR: 0.6842105263157895
F1-score: 0.5200000000000001
