Number of rules: 7
Number of conditions: 35
Accuracy: 0.3333333333333333
Train AUC: 0.8035714285714286
AUC: 0.5
FPR: 0.9090909090909091
TPR: 1.0
F1-score: 0.4444444444444445
