Number of rules: 6522
Number of conditions: 1969
Accuracy: 0.7466666666666667
Train AUC: 0.9584839120794706
AUC: 0.4304511278195488
FPR: 0.0
TPR: 0.0
F1-score: 0.0
