Number of rules: 8
Number of conditions: 15
Accuracy: 0.7684108527131783
Train AUC: 0.9864499863023082
AUC: 0.8522797800969939
FPR: 0.07101449275362319
TPR: 0.6068999028182702
F1-score: 0.7232194557035322
