Number of rules: 7
Number of conditions: 22
Accuracy: 0.5
Train AUC: 0.8240740740740741
AUC: 0.5869565217391304
FPR: 0.4782608695652174
TPR: 0.42857142857142855
F1-score: 0.2857142857142857
