Number of rules: 1960
Number of conditions: 1860
Accuracy: 0.8257866462010744
Train AUC: 0.9917289354820722
AUC: 0.8935078099036224
FPR: 0.1575274177467597
TPR: 0.77
F1-score: 0.6705370101596516
