Number of rules: 14
Number of conditions: 64
Accuracy: 0.3181818181818182
Train AUC: 0.6290838068181818
AUC: 0.6136054421768707
FPR: 1.0
TPR: 1.0
F1-score: 0.4827586206896552
