Number of rules: 55
Number of conditions: 185
Accuracy: 0.5945945945945946
Train AUC: 0.94
AUC: 0.6739766081871345
FPR: 0.2631578947368421
TPR: 0.4444444444444444
F1-score: 0.5161290322580646
