Number of rules: 64
Number of conditions: 139
Accuracy: 0.5815217391304348
Train AUC: 0.9995307426948051
AUC: 0.6847956730769231
FPR: 0.275
TPR: 0.47115384615384615
F1-score: 0.5599999999999999
