Number of rules: 16
Number of conditions: 48
Accuracy: 0.6129032258064516
Train AUC: 0.7236842105263158
AUC: 0.803030303030303
FPR: 0.45454545454545453
TPR: 0.7777777777777778
F1-score: 0.5384615384615384
