Accuracy: 0.7
Train AUC: 0.9680916012258187
AUC: 0.5582807187955318
FPR: 0.9137931034482759
TPR: 0.9507042253521126
F1-score: 0.8181818181818182
