Accuracy: 0.6072099966825169
Train AUC: 0.9289207581676934
AUC: 0.5070324721096605
FPR: 0.3556474865237558
TPR: 0.32926829268292684
F1-score: 0.16502115655853314
