Accuracy: 0.2409028097650852
Train AUC: 0.9389497890201156
AUC: 0.5844831848918375
FPR: 0.9985861442132903
TPR: 1.0
F1-score: 0.38720872583044125
