Accuracy: 0.7402597402597403
Train AUC: 0.9691065081803114
AUC: 0.766083576287658
FPR: 0.24761904761904763
TPR: 0.7142857142857143
F1-score: 0.6363636363636364
