Number of rules: 2258
Number of conditions: 2158
Accuracy: 0.8012279355333844
Train AUC: 0.9949845812688403
AUC: 0.8614780054540356
FPR: 0.15955284552845528
TPR: 0.6802507836990596
F1-score: 0.6262626262626263
