Number of rules: 13
Number of conditions: 33
Accuracy: 0.6486486486486487
Train AUC: 1.0
AUC: 0.7865497076023392
FPR: 0.3684210526315789
TPR: 0.6666666666666666
F1-score: 0.6486486486486486
