Number of rules: 1942
Number of conditions: 1842
Accuracy: 0.5705521472392638
Train AUC: 0.9978772995921085
AUC: 0.5555869567387355
FPR: 0.7561837455830389
TPR: 0.864406779661017
F1-score: 0.6794338051623647
