Accuracy: 0.75
Train AUC: 0.9414414414414416
AUC: 0.621863799283154
FPR: 1.0
TPR: 0.967741935483871
F1-score: 0.8571428571428572
