Number of rules: 2102
Number of conditions: 2002
Accuracy: 0.5561083471531233
Train AUC: 0.9934972889518343
AUC: 0.647875190880862
FPR: 0.4555765595463138
TPR: 0.6396396396396397
F1-score: 0.2612695492180313
