Number of rules: 7409
Number of conditions: 2944
Accuracy: 0.5133333333333333
Train AUC: 0.9777658530092015
AUC: 0.6682330827067668
FPR: 0.5803571428571429
TPR: 0.7894736842105263
F1-score: 0.4511278195488722
