Number of rules: 462
Number of conditions: 362
Accuracy: 0.7837837837837838
Train AUC: 0.9702380952380952
AUC: 0.9303030303030304
FPR: 0.2
TPR: 0.7727272727272727
F1-score: 0.8095238095238095
