Number of rules: 16
Number of conditions: 66
Accuracy: 0.6129032258064516
Train AUC: 0.43333333333333335
AUC: 0.6047619047619047
FPR: 0.38095238095238093
TPR: 0.6
F1-score: 0.5
