Number of rules: 9
Number of conditions: 29
Accuracy: 0.66
Train AUC: 0.837224055878026
AUC: 0.7292058270676691
FPR: 0.39285714285714285
TPR: 0.8157894736842105
F1-score: 0.5486725663716814
