Number of rules: 10
Number of conditions: 19
Accuracy: 0.6
Train AUC: 0.9782608695652174
AUC: 0.4375
FPR: 0.2916666666666667
TPR: 0.16666666666666666
F1-score: 0.14285714285714288
