Number of rules: 129
Number of conditions: 257
Accuracy: 0.7578688776293566
Train AUC: 0.9158351864856429
AUC: 0.7953632538700003
FPR: 0.23813371036154313
TPR: 0.7451984635083226
F1-score: 0.5961587708066581
