Accuracy: 0.3181818181818182
Train AUC: 0.9709958932238194
AUC: 0.4637512147716229
FPR: 1.0
TPR: 1.0
F1-score: 0.4827586206896552
