Number of rules: 1
Number of conditions: 2
Accuracy: 0.3181818181818182
Train AUC: 0.7771425915597694
AUC: 0.5857142857142857
FPR: 1.0
TPR: 1.0
F1-score: 0.4827586206896552
