Accuracy: 0.47992922702642926
Train AUC: 0.9789913272094776
AUC: 0.5642235733550092
FPR: 0.544690986586436
TPR: 0.6641651031894934
F1-score: 0.2314103611701258
