Number of rules: 195
Number of conditions: 324
Accuracy: 0.8019953952417498
Train AUC: 0.968135560140523
AUC: 0.8518123735018496
FPR: 0.15682281059063136
TPR: 0.67601246105919
F1-score: 0.6271676300578033
