Accuracy: 0.7447568049977689
Train AUC: 0.9791082930756844
AUC: 0.7990375766374158
FPR: 0.30696055684454754
TPR: 0.7926514825956167
F1-score: 0.7632940202772606
