Number of rules: 4810
Number of conditions: 890
Accuracy: 0.5815217391304348
Train AUC: 0.9997025820130099
AUC: 0.6346153846153846
FPR: 0.275
TPR: 0.47115384615384615
F1-score: 0.5599999999999999
