Number of rules: 16
Number of conditions: 52
Accuracy: 0.8112049117421335
Train AUC: 0.9897554947276025
AUC: 0.870006307821699
FPR: 0.1483739837398374
TPR: 0.6865203761755486
F1-score: 0.6403508771929824
