Number of rules: 20
Number of conditions: 42
Accuracy: 0.6038961038961039
Train AUC: 0.8969595449865827
AUC: 0.67667638483965
FPR: 0.42857142857142855
TPR: 0.673469387755102
F1-score: 0.5196850393700787
