Accuracy: 0.292491939198526
Train AUC: 0.8921668275990582
AUC: 0.653313225047204
FPR: 0.9268834578872955
TPR: 0.9878361075544174
F1-score: 0.40109175981284123
