Number of rules: 132
Number of conditions: 263
Accuracy: 0.7067157518964748
Train AUC: 0.9576792015324125
AUC: 0.7396190139560113
FPR: 0.36310904872389793
TPR: 0.7713794585302965
F1-score: 0.7319808339280253
