Accuracy: 0.5666666666666667
Train AUC: 0.9814814814814815
AUC: 0.6700000000000002
FPR: 0.55
TPR: 0.8
F1-score: 0.5517241379310345
