Number of rules: 20
Number of conditions: 36
Accuracy: 0.842391304347826
Train AUC: 0.9615811681101488
AUC: 0.9146634615384615
FPR: 0.175
TPR: 0.8557692307692307
F1-score: 0.8599033816425121
