Number of rules: 19
Number of conditions: 47
Accuracy: 0.7066666666666667
Train AUC: 0.9719013887919603
AUC: 0.7995770676691729
FPR: 0.30357142857142855
TPR: 0.7368421052631579
F1-score: 0.56
