Number of rules: 16
Number of conditions: 31
Accuracy: 0.24044219253800092
Train AUC: 0.9362037016364894
AUC: 0.5607058003259083
FPR: 0.9991920824075944
TPR: 1.0
F1-score: 0.38706479990087966
