Number of rules: 12
Number of conditions: 32
Accuracy: 0.7297297297297297
Train AUC: 0.9795321637426899
AUC: 0.8735119047619048
FPR: 0.2857142857142857
TPR: 0.75
F1-score: 0.7058823529411765
