Accuracy: 0.7663043478260869
Train AUC: 0.9996839190832854
AUC: 0.7899639423076923
FPR: 0.2375
TPR: 0.7692307692307693
F1-score: 0.7881773399014778
