Number of rules: 52
Number of conditions: 103
Accuracy: 0.26666666666666666
Train AUC: 0.782459406768799
AUC: 0.47908834586466165
FPR: 0.9821428571428571
TPR: 1.0
F1-score: 0.4086021505376344
