Accuracy: 0.7978208232445521
Train AUC: 0.9946862957610789
AUC: 0.872626842204074
FPR: 0.1179245283018868
TPR: 0.7089552238805971
F1-score: 0.7734056987788331
