Number of rules: 4613
Number of conditions: 1970
Accuracy: 0.7771739130434783
Train AUC: 0.9989725436367942
AUC: 0.8689903846153846
FPR: 0.225
TPR: 0.7788461538461539
F1-score: 0.7980295566502463
