Number of rules: 94
Number of conditions: 187
Accuracy: 0.7354975457385096
Train AUC: 0.9348139933461035
AUC: 0.7495659747322114
FPR: 0.34269141531322506
TPR: 0.8079071766222604
F1-score: 0.7602871297138812
