Number of rules: 561
Number of conditions: 461
Accuracy: 0.65
Train AUC: 0.99
AUC: 0.8056426332288401
FPR: 0.18181818181818182
TPR: 0.5862068965517241
F1-score: 0.7083333333333333
