Number of rules: 19
Number of conditions: 37
Accuracy: 0.5806451612903226
Train AUC: 0.8114035087719298
AUC: 0.5732323232323232
FPR: 0.4090909090909091
TPR: 0.5555555555555556
F1-score: 0.43478260869565216
