Accuracy: 0.7645692801061594
Train AUC: 0.9639169454451878
AUC: 0.8728295655826636
FPR: 0.24934185784129373
TPR: 0.8686679174484052
F1-score: 0.46520974629490075
