Number of rules: 13
Number of conditions: 46
Accuracy: 0.5806451612903226
Train AUC: 0.8245614035087719
AUC: 0.8257575757575757
FPR: 0.5909090909090909
TPR: 1.0
F1-score: 0.5806451612903226
