Number of rules: 2
Number of conditions: 3
Accuracy: 0.7288135593220338
Train AUC: 1.0
AUC: 0.7279746724122768
FPR: 0.44525547445255476
TPR: 0.9012048192771084
F1-score: 0.7695473251028807
