Number of rules: 2164
Number of conditions: 2064
Accuracy: 0.7328499721137758
Train AUC: 0.9943869768634237
AUC: 0.7987004572695897
FPR: 0.34762456546929316
TPR: 0.8075268817204301
F1-score: 0.7582029278142352
