Number of rules: 64
Number of conditions: 139
Accuracy: 0.8206521739130435
Train AUC: 0.9535029782406094
AUC: 0.9061298076923077
FPR: 0.2
TPR: 0.8365384615384616
F1-score: 0.8405797101449275
