Number of rules: 88
Number of conditions: 175
Accuracy: 0.4090657822001106
Train AUC: 0.98518527425456
AUC: 0.6035574326779555
FPR: 0.6557169930511687
TPR: 0.8628318584070797
F1-score: 0.26730637422892395
