Number of rules: 455
Number of conditions: 909
Accuracy: 0.5804311774461028
Train AUC: 0.9197927379745561
AUC: 0.6225664713835061
FPR: 0.4334384858044164
TPR: 0.6785714285714286
F1-score: 0.28598306679209784
