Number of rules: 2971
Number of conditions: 2871
Accuracy: 0.615170105967652
Train AUC: 0.9714163809993801
AUC: 0.7032012991861419
FPR: 0.5966101694915255
TPR: 0.8215859030837004
F1-score: 0.683776351970669
