Accuracy: 0.6333333333333333
Train AUC: 1.0
AUC: 0.32291666666666663
FPR: 0.25
TPR: 0.16666666666666666
F1-score: 0.15384615384615383
