Number of rules: 1073
Number of conditions: 353
Accuracy: 0.8532608695652174
Train AUC: 0.9929224576900739
AUC: 0.9039663461538463
FPR: 0.1875
TPR: 0.8846153846153846
F1-score: 0.872037914691943
