Number of rules: 9
Number of conditions: 27
Accuracy: 0.5426356589147286
Train AUC: 0.9566933201099196
AUC: 0.7264775613489013
FPR: 0.058454106280193235
TPR: 0.141399416909621
F1-score: 0.23562753036437245
