Number of rules: 122
Number of conditions: 243
Accuracy: 0.7466548711710715
Train AUC: 0.934186519735751
AUC: 0.8543996447572888
FPR: 0.2686473611633446
TPR: 0.8611632270168855
F1-score: 0.4448752120184153
