Number of rules: 14826
Number of conditions: 12563
Accuracy: 0.74
Train AUC: 0.9893904541525854
AUC: 0.7617481203007519
FPR: 0.24107142857142858
TPR: 0.6842105263157895
F1-score: 0.5714285714285714
