Number of rules: 115
Number of conditions: 229
Accuracy: 0.7325349301397206
Train AUC: 0.9140124797217235
AUC: 0.8035861558510276
FPR: 0.2803474045647344
TPR: 0.7733674775928298
F1-score: 0.581048581048581
