Number of rules: 80
Number of conditions: 185
Accuracy: 0.7506053268765133
Train AUC: 0.968123795761079
AUC: 0.8617613583028255
FPR: 0.08955223880597014
TPR: 0.5990566037735849
F1-score: 0.711484593837535
