Number of rules: 15
Number of conditions: 41
Accuracy: 0.7096774193548387
Train AUC: 0.7763157894736843
AUC: 0.8585858585858586
FPR: 0.4090909090909091
TPR: 1.0
F1-score: 0.6666666666666666
