Number of rules: 2463
Number of conditions: 2363
Accuracy: 0.761746821448314
Train AUC: 0.988130059558631
AUC: 0.8908256419143666
FPR: 0.2602653190145294
TPR: 0.915929203539823
F1-score: 0.48994082840236686
