Number of rules: 44
Number of conditions: 87
Accuracy: 0.4249695897379188
Train AUC: 0.9712747625827913
AUC: 0.6123176952688322
FPR: 0.628181020433747
TPR: 0.8227016885553471
F1-score: 0.25222893298820825
