Number of rules: 6
Number of conditions: 4
Accuracy: 0.4594594594594595
Train AUC: 0.925
AUC: 0.4955882352941176
FPR: 1.0
TPR: 1.0
F1-score: 0.6296296296296297
