Number of rules: 8
Number of conditions: 28
Accuracy: 0.6887897378694925
Train AUC: 0.8748343267320386
AUC: 0.7747398685651696
FPR: 0.4238636363636364
TPR: 0.7973713033953997
F1-score: 0.7229394240317775
