Number of rules: 8
Number of conditions: 37
Accuracy: 0.5333333333333333
Train AUC: 0.5729166666666667
AUC: 0.7033492822966507
FPR: 0.5789473684210527
TPR: 0.7272727272727273
F1-score: 0.5333333333333333
