Number of rules: 5578
Number of conditions: 5226
Accuracy: 0.30062951021034856
Train AUC: 0.957736936936937
AUC: 0.7335742388079233
FPR: 0.9186023025651383
TPR: 0.9955185659411011
F1-score: 0.40574037834311805
