Number of rules: 5
Number of conditions: 26
Accuracy: 0.5805911879531511
Train AUC: 0.9751404728211105
AUC: 0.6292440348044492
FPR: 0.7824074074074074
TPR: 0.9181916038751345
F1-score: 0.694060211554109
