Accuracy: 0.7313468992248062
Train AUC: 0.99814083197769
AUC: 0.732078421430684
FPR: 0.4429951690821256
TPR: 0.9067055393586005
F1-score: 0.770915100185912
