Number of rules: 9309
Number of conditions: 8957
Accuracy: 0.605198572066042
Train AUC: 0.9331690412013862
AUC: 0.6873152052422037
FPR: 0.6345707656612529
TPR: 0.827245380318006
F1-score: 0.6851143340154818
