Number of rules: 259
Number of conditions: 347
Accuracy: 0.2778204144282425
Train AUC: 0.9720826792255364
AUC: 0.6910415050298075
FPR: 0.9391217564870259
TPR: 1.0
F1-score: 0.39014906027219703
