Accuracy: 0.7905569007263923
Train AUC: 0.979347411084026
AUC: 0.8802864798625647
FPR: 0.18092909535452323
TPR: 0.762589928057554
F1-score: 0.7861557478368356
