Number of rules: 557
Number of conditions: 482
Accuracy: 0.7917675544794189
Train AUC: 0.9970285404624276
AUC: 0.8635161600525377
FPR: 0.11519607843137254
TPR: 0.7009569377990431
F1-score: 0.7730870712401057
