Number of rules: 495
Number of conditions: 420
Accuracy: 0.23330775134305448
Train AUC: 0.986441798941799
AUC: 0.5561482220006647
FPR: 0.996011964107677
TPR: 1.0
F1-score: 0.37523452157598497
