Accuracy: 0.7666666666666667
Train AUC: 0.9728506787330318
AUC: 0.8788819875776398
FPR: 0.2608695652173913
TPR: 0.8571428571428571
F1-score: 0.631578947368421
