Number of rules: 150
Number of conditions: 374
Accuracy: 0.575
Train AUC: 0.826086956521739
AUC: 0.6175548589341693
FPR: 0.45454545454545453
TPR: 0.5862068965517241
F1-score: 0.6666666666666667
