Number of rules: 3393
Number of conditions: 396
Accuracy: 0.5815217391304348
Train AUC: 0.9997407853368119
AUC: 0.5609375
FPR: 0.275
TPR: 0.47115384615384615
F1-score: 0.5599999999999999
