Number of rules: 70
Number of conditions: 238
Accuracy: 0.7590799031476998
Train AUC: 0.9285705894446239
AUC: 0.8518212308846985
FPR: 0.12009803921568628
TPR: 0.6411483253588517
F1-score: 0.7292517006802721
