Accuracy: 0.8064516129032258
Train AUC: 0.8552631578947368
AUC: 0.8434343434343434
FPR: 0.18181818181818182
TPR: 0.7777777777777778
F1-score: 0.7000000000000001
