Number of rules: 48
Number of conditions: 83
Accuracy: 0.5675675675675675
Train AUC: 0.979020979020979
AUC: 0.7368421052631577
FPR: 0.7222222222222222
TPR: 0.8421052631578947
F1-score: 0.6666666666666666
