Accuracy: 0.7761627906976745
Train AUC: 0.9905324228362069
AUC: 0.8258745181992742
FPR: 0.09082125603864734
TPR: 0.6423712342079689
F1-score: 0.7410313901345292
