Accuracy: 0.7925687087363734
Train AUC: 0.9162350169682986
AUC: 0.8123396740036999
FPR: 0.14178953746717834
TPR: 0.5845070422535211
F1-score: 0.5747560591753227
