Number of rules: 21
Number of conditions: 55
Accuracy: 0.792875786887763
Train AUC: 0.9421712739505631
AUC: 0.8374858504509365
FPR: 0.15027267218743687
TPR: 0.6126760563380281
F1-score: 0.5865767698437022
