Number of rules: 12
Number of conditions: 28
Accuracy: 0.6168005354752343
Train AUC: 0.7844671283112413
AUC: 0.7013907403954586
FPR: 0.6025522041763341
TPR: 0.8199398366996132
F1-score: 0.6896177825969098
