Accuracy: 0.6133333333333333
Train AUC: 0.9585214411270028
AUC: 0.7228618421052632
FPR: 0.45535714285714285
TPR: 0.8157894736842105
F1-score: 0.5166666666666667
