Number of rules: 60
Number of conditions: 164
Accuracy: 0.5815217391304348
Train AUC: 0.9995275603719311
AUC: 0.6294471153846153
FPR: 0.275
TPR: 0.47115384615384615
F1-score: 0.5599999999999999
