Accuracy: 0.1935483870967742
Train AUC: 1.0
AUC: 0.6423076923076922
FPR: 0.9615384615384616
TPR: 1.0
F1-score: 0.2857142857142857
