Number of rules: 204
Number of conditions: 341
Accuracy: 0.750575594781274
Train AUC: 0.9887327677624602
AUC: 0.8280126287803256
FPR: 0.25822532402791626
TPR: 0.78
F1-score: 0.5901639344262295
