Accuracy: 0.67
Train AUC: 0.9694949066213921
AUC: 0.7249878581835844
FPR: 0.3275862068965517
TPR: 0.6690140845070423
F1-score: 0.7421875
