Number of rules: 133
Number of conditions: 265
Accuracy: 0.8478260869565217
Train AUC: 0.9620568833908364
AUC: 0.8459134615384616
FPR: 0.2
TPR: 0.8846153846153846
F1-score: 0.8679245283018868
