Number of rules: 67
Number of conditions: 133
Accuracy: 0.715
Train AUC: 0.931386989966134
AUC: 0.5330257406508013
FPR: 0.8620689655172413
TPR: 0.9507042253521126
F1-score: 0.8256880733944953
