Number of rules: 40
Number of conditions: 79
Accuracy: 0.23023791250959325
Train AUC: 0.7138999118165785
AUC: 0.5019860973187686
FPR: 0.9960278053624627
TPR: 1.0
F1-score: 0.3711598746081504
