Number of rules: 15
Number of conditions: 29
Accuracy: 0.65
Train AUC: 0.875
AUC: 0.6809116809116809
FPR: 0.23076923076923078
TPR: 0.5925925925925926
F1-score: 0.6956521739130435
