Number of rules: 7
Number of conditions: 29
Accuracy: 0.5
Train AUC: 0.7857142857142857
AUC: 0.5023923444976077
FPR: 0.42105263157894735
TPR: 0.36363636363636365
F1-score: 0.34782608695652173
