Number of rules: 217
Number of conditions: 142
Accuracy: 0.03333333333333333
Train AUC: 0.9642857142857143
AUC: 0.7068965517241379
FPR: 1.0
TPR: 1.0
F1-score: 0.06451612903225806
