Number of rules: 72
Number of conditions: 242
Accuracy: 0.5857558139534884
Train AUC: 0.9879243461627845
AUC: 0.7319176255733485
FPR: 0.16183574879227053
TPR: 0.33187560738581146
F1-score: 0.44408322496749025
