Number of rules: 2
Number of conditions: 2
Accuracy: 0.7300242130750605
Train AUC: 1.0
AUC: 0.729603442615262
FPR: 0.4441747572815534
TPR: 0.9033816425120773
F1-score: 0.7703398558187435
