Accuracy: 0.8050847457627118
Train AUC: 0.9923952312138729
AUC: 0.8804178953971706
FPR: 0.09685230024213075
TPR: 0.7070217917675545
F1-score: 0.7838926174496644
