Accuracy: 0.8032945736434108
Train AUC: 0.9792960745389343
AUC: 0.8770496190194504
FPR: 0.20048309178743962
TPR: 0.8070942662779398
F1-score: 0.8035800677310111
