Number of rules: 32
Number of conditions: 63
Accuracy: 0.7704590818363274
Train AUC: 0.8571053606719368
AUC: 0.795798634557201
FPR: 0.1757220763482125
TPR: 0.5998719590268886
F1-score: 0.556248144850104
