Number of rules: 8
Number of conditions: 23
Accuracy: 0.588957055214724
Train AUC: 0.9706609506368102
AUC: 0.6312147648500989
FPR: 0.7021517553793885
TPR: 0.8714285714285714
F1-score: 0.6827378390012914
