Number of rules: 5755
Number of conditions: 4453
Accuracy: 0.7450914770191879
Train AUC: 0.9877165036798066
AUC: 0.8184317659035414
FPR: 0.2619489559164733
TPR: 0.7516115169746455
F1-score: 0.7537980821032215
