Accuracy: 0.6666666666666666
Train AUC: 0.9037267080745341
AUC: 0.6009615384615384
FPR: 0.23076923076923078
TPR: 0.0
F1-score: 0.0
