Number of rules: 1392
Number of conditions: 1292
Accuracy: 0.4035378662244334
Train AUC: 0.9992544893322658
AUC: 0.6292507784591819
FPR: 0.6626658243840808
TPR: 0.8672566371681416
F1-score: 0.2664853840924541
