Number of rules: 20
Number of conditions: 39
Accuracy: 0.404843525378746
Train AUC: 0.9813205341584137
AUC: 0.607294576504072
FPR: 0.656011031716184
TPR: 0.8602251407129456
F1-score: 0.2541574279379158
