Number of rules: 25
Number of conditions: 57
Accuracy: 0.7085006693440429
Train AUC: 0.9279451621363952
AUC: 0.80309508473613
FPR: 0.11624129930394432
TPR: 0.5461968199398367
F1-score: 0.6605170845784072
