Number of rules: 4085
Number of conditions: 2893
Accuracy: 0.52
Train AUC: 0.9819674636969102
AUC: 0.6656484962406015
FPR: 0.5803571428571429
TPR: 0.8157894736842105
F1-score: 0.4626865671641791
