Number of rules: 22
Number of conditions: 51
Accuracy: 0.724484104852203
Train AUC: 0.9829872460424277
AUC: 0.797318680771004
FPR: 0.35573580533024335
TPR: 0.7989247311827957
F1-score: 0.7505050505050506
