Number of rules: 13
Number of conditions: 47
Accuracy: 0.2555640828856485
Train AUC: 0.9739298796441654
AUC: 0.7089595802356479
FPR: 0.9632571996027806
TPR: 1.0
F1-score: 0.37900128040973113
