Number of rules: 113
Number of conditions: 225
Accuracy: 0.48368904124737366
Train AUC: 0.9639393558688719
AUC: 0.5536862428826215
FPR: 0.5423091387739751
TPR: 0.6782363977485929
F1-score: 0.2364677023712183
