Number of rules: 18
Number of conditions: 65
Accuracy: 0.8096699923254029
Train AUC: 0.9633134444878158
AUC: 0.865954729751301
FPR: 0.15532994923857868
TPR: 0.7012578616352201
F1-score: 0.6426512968299712
