Number of rules: 298
Number of conditions: 595
Accuracy: 0.8027628549501151
Train AUC: 0.9301306261044318
AUC: 0.7634837653235467
FPR: 0.15955284552845528
TPR: 0.6865203761755486
F1-score: 0.6302158273381295
