Number of rules: 6
Number of conditions: 11
Accuracy: 0.7857142857142857
Train AUC: 0.9951047687861271
AUC: 0.8504558575049282
FPR: 0.11194029850746269
TPR: 0.6886792452830188
F1-score: 0.7674113009198423
