Accuracy: 0.6038961038961039
Train AUC: 0.9036521739130434
AUC: 0.7057337220602526
FPR: 0.45714285714285713
TPR: 0.7346938775510204
F1-score: 0.5413533834586467
