Number of rules: 21
Number of conditions: 44
Accuracy: 0.7369235873050979
Train AUC: 0.9605560190410758
AUC: 0.87105035325529
FPR: 0.28218628557101666
TPR: 0.8799249530956847
F1-score: 0.44089306698002356
