Number of rules: 202
Number of conditions: 127
Accuracy: 0.13333333333333333
Train AUC: 0.6428571428571428
AUC: 0.5493827160493827
FPR: 0.9629629629629629
TPR: 1.0
F1-score: 0.1875
