Accuracy: 0.525
Train AUC: 0.9475
AUC: 0.6359999999999999
FPR: 0.4
TPR: 0.48
F1-score: 0.5581395348837209
