Number of rules: 25
Number of conditions: 49
Accuracy: 0.1256220280880239
Train AUC: 0.8856430065990665
AUC: 0.4910803597867321
FPR: 0.9895950858718816
TPR: 0.9878048780487805
F1-score: 0.21032657545191252
