Accuracy: 0.63
Train AUC: 0.9856242277941111
AUC: 0.6830985915492958
FPR: 0.2413793103448276
TPR: 0.5774647887323944
F1-score: 0.6890756302521008
