Number of rules: 377
Number of conditions: 302
Accuracy: 0.7666666666666667
Train AUC: 0.9638009049773756
AUC: 0.8633540372670807
FPR: 0.2608695652173913
TPR: 0.8571428571428571
F1-score: 0.631578947368421
