Number of rules: 25
Number of conditions: 49
Accuracy: 0.11719181868435599
Train AUC: 0.7267165537465872
AUC: 0.4994572002388319
FPR: 0.9962546816479401
TPR: 0.9951690821256038
F1-score: 0.20507715281234445
