Number of rules: 7840
Number of conditions: 3920
Accuracy: 0.7974819591586059
Train AUC: 0.9837812475814566
AUC: 0.8516456148617526
FPR: 0.16037164209250657
TPR: 0.6638924455825864
F1-score: 0.6112584733274388
