Number of rules: 125
Number of conditions: 313
Accuracy: 0.7
Train AUC: 0.8288288288288288
AUC: 0.5
FPR: 1.0
TPR: 0.9333333333333333
F1-score: 0.8235294117647058
