Number of rules: 1324
Number of conditions: 662
Accuracy: 0.69
Train AUC: 0.9857166583623983
AUC: 0.6280961631860127
FPR: 0.9137931034482759
TPR: 0.9366197183098591
F1-score: 0.8109756097560975
