Number of rules: 76
Number of conditions: 151
Accuracy: 0.32120374635344695
Train AUC: 0.8393153153153152
AUC: 0.6174402874159076
FPR: 0.8883053928499293
TPR: 0.9852752880921894
F1-score: 0.41045472729697297
