Number of rules: 892
Number of conditions: 792
Accuracy: 0.6774193548387096
Train AUC: 0.8925438596491226
AUC: 0.78125
FPR: 0.125
TPR: 0.4666666666666667
F1-score: 0.5833333333333334
