Number of rules: 105
Number of conditions: 156
Accuracy: 0.47318960751796574
Train AUC: 0.9413516458971004
AUC: 0.6903869986480398
FPR: 0.567192429022082
TPR: 0.7589285714285714
F1-score: 0.262954369682908
