Number of rules: 107
Number of conditions: 213
Accuracy: 0.7905569007263923
Train AUC: 0.9753010597302506
AUC: 0.7914790318041092
FPR: 0.1323529411764706
TPR: 0.715311004784689
F1-score: 0.775616083009079
