Number of rules: 19
Number of conditions: 37
Accuracy: 0.5666666666666667
Train AUC: 0.9027149321266968
AUC: 0.5634920634920635
FPR: 0.42857142857142855
TPR: 0.5555555555555556
F1-score: 0.43478260869565216
