Number of rules: 21
Number of conditions: 45
Accuracy: 0.12548369264787176
Train AUC: 0.9984578824957023
AUC: 0.43357800524376816
FPR: 0.9987365761212887
TPR: 0.995575221238938
F1-score: 0.22145669291338582
