Number of rules: 134
Number of conditions: 267
Accuracy: 0.7784431137724551
Train AUC: 0.866905911113897
AUC: 0.8100387640102195
FPR: 0.14865683700262572
TPR: 0.5473751600512163
F1-score: 0.5423406279733586
