Number of rules: 23
Number of conditions: 60
Accuracy: 0.7278000892458724
Train AUC: 0.9442060691601978
AUC: 0.7893539424709628
FPR: 0.18445475638051045
TPR: 0.6465406102277611
F1-score: 0.7115157247576259
