Number of rules: 517
Number of conditions: 417
Accuracy: 0.918918918918919
Train AUC: 0.9970238095238095
AUC: 0.9553571428571428
FPR: 0.125
TPR: 0.9523809523809523
F1-score: 0.9302325581395349
