Number of rules: 20882
Number of conditions: 19081
Accuracy: 0.5921463632307006
Train AUC: 0.938609372827145
AUC: 0.6533897941745095
FPR: 0.6603248259860789
TPR: 0.8259561667382896
F1-score: 0.6777150916784203
