Number of rules: 1396
Number of conditions: 1296
Accuracy: 0.3957987838584853
Train AUC: 0.9991710260886295
AUC: 0.6339867037048597
FPR: 0.6677018633540373
TPR: 0.9095477386934674
F1-score: 0.2487972508591065
