Number of rules: 10
Number of conditions: 24
Accuracy: 0.7567567567567568
Train AUC: 0.9733333333333334
AUC: 0.793939393939394
FPR: 0.13636363636363635
TPR: 0.6
F1-score: 0.6666666666666665
