Number of rules: 526
Number of conditions: 451
Accuracy: 0.75
Train AUC: 0.8989769820971867
AUC: 0.8119122257053291
FPR: 0.2727272727272727
TPR: 0.7586206896551724
F1-score: 0.8148148148148148
