Number of rules: 61
Number of conditions: 256
Accuracy: 0.7433414043583535
Train AUC: 0.9444514691714836
AUC: 0.8222983435784339
FPR: 0.13270142180094788
TPR: 0.6138613861386139
F1-score: 0.7005649717514125
