Number of rules: 15
Number of conditions: 67
Accuracy: 0.6
Train AUC: 0.8593350383631713
AUC: 0.7554858934169278
FPR: 0.5454545454545454
TPR: 0.6551724137931034
F1-score: 0.7037037037037037
