Accuracy: 0.7893462469733656
Train AUC: 0.9966612475915222
AUC: 0.872739586265128
FPR: 0.11274509803921569
TPR: 0.69377990430622
F1-score: 0.7692307692307693
