Accuracy: 0.645
Train AUC: 0.9145045133921965
AUC: 0.7121175327829043
FPR: 0.3620689655172414
TPR: 0.647887323943662
F1-score: 0.7215686274509804
