Number of rules: 7
Number of conditions: 24
Accuracy: 0.6687116564417178
Train AUC: 0.8394883811463139
AUC: 0.7300956010061689
FPR: 0.36395759717314485
TPR: 0.698093220338983
F1-score: 0.6893305439330544
