Number of rules: 35
Number of conditions: 69
Accuracy: 0.23791250959324636
Train AUC: 0.7115850970017636
AUC: 0.5049850448654039
FPR: 0.9900299102691924
TPR: 1.0
F1-score: 0.3766478342749529
