Accuracy: 0.8250191864927091
Train AUC: 0.9866001226788602
AUC: 0.8776784663082298
FPR: 0.15261044176706828
TPR: 0.752442996742671
F1-score: 0.6695652173913044
