Number of rules: 25
Number of conditions: 49
Accuracy: 0.33766233766233766
Train AUC: 0.8890498417297066
AUC: 0.5324586977648202
FPR: 0.9523809523809523
TPR: 0.9591836734693877
F1-score: 0.4795918367346939
