Number of rules: 8613
Number of conditions: 5616
Accuracy: 0.29333333333333333
Train AUC: 0.8857912751175498
AUC: 0.4544172932330827
FPR: 0.875
TPR: 0.7894736842105263
F1-score: 0.3614457831325301
