Number of rules: 307
Number of conditions: 342
Accuracy: 0.8066001534919417
Train AUC: 0.9668376735627056
AUC: 0.8609342136964179
FPR: 0.158953722334004
TPR: 0.6957928802588996
F1-score: 0.6304985337243402
