Number of rules: 9
Number of conditions: 16
Accuracy: 0.6
Train AUC: 0.7330316742081449
AUC: 0.7275
FPR: 0.5
TPR: 0.8
F1-score: 0.5714285714285714
