Number of rules: 5
Number of conditions: 9
Accuracy: 0.22580645161290322
Train AUC: 0.7327586206896552
AUC: 0.5384615384615384
FPR: 0.9230769230769231
TPR: 1.0
F1-score: 0.29411764705882354
