Number of rules: 473
Number of conditions: 373
Accuracy: 0.65
Train AUC: 0.9874999999999999
AUC: 0.7293447293447293
FPR: 0.23076923076923078
TPR: 0.5925925925925926
F1-score: 0.6956521739130435
