Number of rules: 61
Number of conditions: 231
Accuracy: 0.7651331719128329
Train AUC: 0.9554371387283236
AUC: 0.8389361490071466
FPR: 0.07263922518159806
TPR: 0.6029055690072639
F1-score: 0.7196531791907514
