Accuracy: 0.7337662337662337
Train AUC: 0.9685676037483266
AUC: 0.7757045675413021
FPR: 0.24761904761904763
TPR: 0.6938775510204082
F1-score: 0.6238532110091742
