Number of rules: 13
Number of conditions: 21
Accuracy: 0.5666666666666667
Train AUC: 0.9837962962962963
AUC: 0.7577639751552795
FPR: 0.5652173913043478
TPR: 1.0
F1-score: 0.5185185185185185
