Accuracy: 0.7874136607828089
Train AUC: 1.0
AUC: 0.7324814103511105
FPR: 0.15408479834539815
TPR: 0.6190476190476191
F1-score: 0.6002886002886002
