Accuracy: 0.64
Train AUC: 0.9438186666666668
AUC: 0.6804273919378339
FPR: 0.3620689655172414
TPR: 0.6408450704225352
F1-score: 0.7165354330708661
