Accuracy: 0.11788123410372664
Train AUC: 0.8915268568377019
AUC: 0.45027778032575355
FPR: 1.0
TPR: 1.0
F1-score: 0.21090117716885942
