Number of rules: 6
Number of conditions: 11
Accuracy: 0.7892441860465116
Train AUC: 0.9803902966204817
AUC: 0.859903499011751
FPR: 0.11159420289855072
TPR: 0.6895043731778425
F1-score: 0.7653721682847895
