Accuracy: 0.35765616362631286
Train AUC: 0.9609615155486716
AUC: 0.4203062121898569
FPR: 0.6732484076433121
TPR: 0.5606694560669456
F1-score: 0.18741258741258743
