Number of rules: 22
Number of conditions: 43
Accuracy: 0.7313468992248062
Train AUC: 0.9925736028677205
AUC: 0.7318551851382374
FPR: 0.4429951690821256
TPR: 0.9067055393586005
F1-score: 0.770915100185912
