Accuracy: 0.5907990314769975
Train AUC: 0.9615848884248989
AUC: 0.7178022300469484
FPR: 0.13615023474178403
TPR: 0.3
F1-score: 0.4152249134948097
