Number of rules: 3893
Number of conditions: 2701
Accuracy: 0.4988388809023554
Train AUC: 0.9913921321494137
AUC: 0.6433965521418168
FPR: 0.5272658894321174
TPR: 0.6941838649155723
F1-score: 0.24617431803060547
