Number of rules: 55
Number of conditions: 198
Accuracy: 0.657608695652174
Train AUC: 0.9997371994218387
AUC: 0.53671875
FPR: 0.55
TPR: 0.8173076923076923
F1-score: 0.7296137339055793
