Accuracy: 0.65
Train AUC: 1.0
AUC: 0.5494505494505495
FPR: 1.0
TPR: 1.0
F1-score: 0.787878787878788
