Accuracy: 0.8918918918918919
Train AUC: 0.9702380952380952
AUC: 0.9470588235294117
FPR: 0.17647058823529413
TPR: 0.95
F1-score: 0.9047619047619048
