Number of rules: 30
Number of conditions: 83
Accuracy: 0.36594803758982863
Train AUC: 0.953326184518845
AUC: 0.43343149534951897
FPR: 0.6675159235668789
TPR: 0.5857740585774058
F1-score: 0.19621583742116327
