Number of rules: 144
Number of conditions: 215
Accuracy: 0.6752648549055734
Train AUC: 0.9580225244990493
AUC: 0.8362087380787544
FPR: 0.3918400323167037
TPR: 0.8879641485275288
F1-score: 0.5673961955410104
