Accuracy: 0.7574827321565618
Train AUC: 1.0
AUC: 0.767193436133193
FPR: 0.2517766497461929
TPR: 0.7861635220125787
F1-score: 0.6127450980392157
