Number of rules: 4064
Number of conditions: 144
Accuracy: 0.5535368217054264
Train AUC: 0.9782638573922127
AUC: 0.6835612643953372
FPR: 0.06376811594202898
TPR: 0.1686103012633625
F1-score: 0.27355143870713444
