Number of rules: 20
Number of conditions: 41
Accuracy: 0.6818181818181818
Train AUC: 0.9441420643364458
AUC: 0.7517978620019437
FPR: 0.3047619047619048
TPR: 0.6530612244897959
F1-score: 0.5663716814159292
