Number of rules: 16
Number of conditions: 74
Accuracy: 0.6129032258064516
Train AUC: 0.7478070175438596
AUC: 0.6613636363636364
FPR: 0.35
TPR: 0.5454545454545454
F1-score: 0.4999999999999999
