Number of rules: 116
Number of conditions: 231
Accuracy: 0.7890019379844961
Train AUC: 0.9634741416881524
AUC: 0.8174416557513274
FPR: 0.24830917874396136
TPR: 0.826530612244898
F1-score: 0.796161947109759
