Number of rules: 40
Number of conditions: 79
Accuracy: 0.7663043478260869
Train AUC: 0.9940058896553388
AUC: 0.7706730769230768
FPR: 0.2375
TPR: 0.7692307692307693
F1-score: 0.7881773399014778
