Number of rules: 85
Number of conditions: 215
Accuracy: 0.62
Train AUC: 0.9208059981255857
AUC: 0.6616075764934435
FPR: 0.43103448275862066
TPR: 0.6408450704225352
F1-score: 0.7054263565891472
