Number of rules: 244
Number of conditions: 374
Accuracy: 0.782435129740519
Train AUC: 0.9648585635786704
AUC: 0.8396813096126935
FPR: 0.18198343768935568
TPR: 0.6696542893725992
F1-score: 0.5961812482188658
