Number of rules: 608
Number of conditions: 1215
Accuracy: 0.739542665923034
Train AUC: 0.9420704318140984
AUC: 0.7410790658237635
FPR: 0.22573099415204678
TPR: 0.7078891257995735
F1-score: 0.7398328690807799
