Number of rules: 488
Number of conditions: 975
Accuracy: 0.7683803206191266
Train AUC: 0.8842200270771698
AUC: 0.8195232674669397
FPR: 0.24936548223350255
TPR: 0.8884120171673819
F1-score: 0.4969987995198079
