Number of rules: 296
Number of conditions: 416
Accuracy: 0.7871948410870566
Train AUC: 0.9521315368982046
AUC: 0.8449212008800198
FPR: 0.17612603514441527
TPR: 0.6709346991037132
F1-score: 0.6019529006318208
