Number of rules: 14
Number of conditions: 27
Accuracy: 0.25333333333333335
Train AUC: 0.774383879063363
AUC: 0.5054041353383459
FPR: 1.0
TPR: 1.0
F1-score: 0.4042553191489362
