Number of rules: 16
Number of conditions: 48
Accuracy: 0.7743668457405987
Train AUC: 0.9944907337272131
AUC: 0.8517414145033625
FPR: 0.2332657200811359
TPR: 0.7981072555205048
F1-score: 0.6325000000000001
