Number of rules: 45
Number of conditions: 147
Accuracy: 0.4997577519379845
Train AUC: 0.989681849676289
AUC: 0.733060684591297
FPR: 0.9932367149758454
TPR: 0.9956268221574344
F1-score: 0.6649359078370923
