Number of rules: 23
Number of conditions: 50
Accuracy: 0.7323896936857238
Train AUC: 0.9539251479670614
AUC: 0.8687334788266736
FPR: 0.2894571894195813
TPR: 0.8958724202626641
F1-score: 0.44110854503464203
