Number of rules: 30
Number of conditions: 43
Accuracy: 0.635
Train AUC: 0.9259434666666666
AUC: 0.6871661000485674
FPR: 0.43103448275862066
TPR: 0.6619718309859155
F1-score: 0.7203065134099618
