Number of rules: 249
Number of conditions: 304
Accuracy: 0.27867342238599724
Train AUC: 0.9174054054054055
AUC: 0.7458532155456379
FPR: 0.9480912946879418
TPR: 0.9974391805377721
F1-score: 0.39877143588431024
