Number of rules: 160
Number of conditions: 460
Accuracy: 0.55
Train AUC: 0.9279279279279279
AUC: 0.6021505376344086
FPR: 0.5555555555555556
TPR: 0.5806451612903226
F1-score: 0.6666666666666667
