Number of rules: 8016
Number of conditions: 3551
Accuracy: 0.8387839705204975
Train AUC: 0.9773156187885761
AUC: 0.8772131420572055
FPR: 0.09937386386588568
TPR: 0.6427656850192062
F1-score: 0.6566383257030739
