Accuracy: 0.29
Train AUC: 0.9224339685723838
AUC: 0.5729116075764934
FPR: 0.0
TPR: 0.0
F1-score: 0.0
