Number of rules: 52
Number of conditions: 157
Accuracy: 0.4035378662244334
Train AUC: 0.9984467348896163
AUC: 0.6372016838197887
FPR: 0.6620341124447252
TPR: 0.8628318584070797
F1-score: 0.26548672566371684
