Number of rules: 288
Number of conditions: 213
Accuracy: 0.6486486486486487
Train AUC: 0.9965034965034965
AUC: 0.7106060606060605
FPR: 0.5333333333333333
TPR: 0.7727272727272727
F1-score: 0.7234042553191491
