Accuracy: 0.657608695652174
Train AUC: 0.9999513332262665
AUC: 0.6221153846153846
FPR: 0.55
TPR: 0.8173076923076923
F1-score: 0.7296137339055793
