Number of rules: 72
Number of conditions: 219
Accuracy: 0.7269864341085271
Train AUC: 0.7938491140259316
AUC: 0.7289324563503802
FPR: 0.4400966183574879
TPR: 0.8950437317784257
F1-score: 0.7657451673248805
