Number of rules: 21
Number of conditions: 41
Accuracy: 0.5483870967741935
Train AUC: 0.7324561403508771
AUC: 0.5357142857142857
FPR: 0.42857142857142855
TPR: 0.5
F1-score: 0.41666666666666663
