Number of rules: 15
Number of conditions: 29
Accuracy: 0.5972780008924587
Train AUC: 0.7986186515334658
AUC: 0.6638865153045506
FPR: 0.6635730858468677
TPR: 0.8388483025354534
F1-score: 0.6838325451042215
