Number of rules: 7
Number of conditions: 19
Accuracy: 0.7663043478260869
Train AUC: 0.9970721507150053
AUC: 0.8364783653846154
FPR: 0.2375
TPR: 0.7692307692307693
F1-score: 0.7881773399014778
