Number of rules: 20
Number of conditions: 48
Accuracy: 0.6486486486486487
Train AUC: 0.9619883040935672
AUC: 0.783625730994152
FPR: 0.3684210526315789
TPR: 0.6666666666666666
F1-score: 0.6486486486486486
