Accuracy: 0.7466666666666667
Train AUC: 0.9287234042553192
AUC: 0.44548872180451127
FPR: 0.0
TPR: 0.0
F1-score: 0.0
