Number of rules: 1004
Number of conditions: 2007
Accuracy: 0.6056887897378694
Train AUC: 0.8624332096665698
AUC: 0.6042567222865106
FPR: 0.5932584269662922
TPR: 0.8017718715393134
F1-score: 0.6719257540603247
