Number of rules: 12
Number of conditions: 50
Accuracy: 0.3181818181818182
Train AUC: 0.8476456929694339
AUC: 0.6735665694849369
FPR: 1.0
TPR: 1.0
F1-score: 0.4827586206896552
