Number of rules: 131
Number of conditions: 167
Accuracy: 0.1271420674405749
Train AUC: 0.9904186469814946
AUC: 0.5113079232330235
FPR: 0.9962097283638661
TPR: 0.9911504424778761
F1-score: 0.22101628021706954
