Number of rules: 214
Number of conditions: 427
Accuracy: 0.65
Train AUC: 0.8950503374267065
AUC: 0.6481908693540555
FPR: 0.3620689655172414
TPR: 0.6549295774647887
F1-score: 0.7265625000000001
