Number of rules: 141
Number of conditions: 281
Accuracy: 0.5
Train AUC: 0.9430547128360707
AUC: 0.5924577067669172
FPR: 0.6071428571428571
TPR: 0.8157894736842105
F1-score: 0.4525547445255474
