Number of rules: 7
Number of conditions: 13
Accuracy: 0.7027027027027027
Train AUC: 1.0
AUC: 0.6785714285714286
FPR: 0.5
TPR: 0.8571428571428571
F1-score: 0.7659574468085107
