Number of rules: 5
Number of conditions: 8
Accuracy: 0.7313468992248062
Train AUC: 0.9978208066443361
AUC: 0.7405596400050704
FPR: 0.4429951690821256
TPR: 0.9067055393586005
F1-score: 0.770915100185912
