Number of rules: 9234
Number of conditions: 4769
Accuracy: 0.605
Train AUC: 0.9665940450254176
AUC: 0.6503156872268091
FPR: 0.43103448275862066
TPR: 0.6197183098591549
F1-score: 0.6901960784313725
