Number of rules: 7
Number of conditions: 34
Accuracy: 0.6
Train AUC: 0.6319444444444444
AUC: 0.6555023923444976
FPR: 0.42105263157894735
TPR: 0.6363636363636364
F1-score: 0.5384615384615385
