Number of rules: 7
Number of conditions: 32
Accuracy: 0.6133333333333333
Train AUC: 0.8833271850711715
AUC: 0.7731437969924811
FPR: 0.44642857142857145
TPR: 0.7894736842105263
F1-score: 0.5084745762711864
