Number of rules: 300
Number of conditions: 225
Accuracy: 0.3225806451612903
Train AUC: 0.31666666666666665
AUC: 0.20952380952380956
FPR: 1.0
TPR: 1.0
F1-score: 0.4878048780487805
