Number of rules: 140
Number of conditions: 279
Accuracy: 0.655
Train AUC: 0.9200359389038633
AUC: 0.6752671199611462
FPR: 0.3620689655172414
TPR: 0.6619718309859155
F1-score: 0.7315175097276264
