Number of rules: 14
Number of conditions: 27
Accuracy: 0.8378378378378378
Train AUC: 0.8660714285714286
AUC: 0.8573717948717948
FPR: 0.07692307692307693
TPR: 0.7916666666666666
F1-score: 0.8636363636363635
