Number of rules: 51
Number of conditions: 101
Accuracy: 0.5908076751450245
Train AUC: 0.8147246823257606
AUC: 0.6631042378534246
FPR: 0.6225058004640371
TPR: 0.7883541039965621
F1-score: 0.6667272396874433
