Number of rules: 78
Number of conditions: 155
Accuracy: 0.48722768992590954
Train AUC: 0.9550180288461538
AUC: 0.5945208680397043
FPR: 0.5385483264385107
TPR: 0.6801125703564728
F1-score: 0.2382125841958272
