Accuracy: 0.7927858787413661
Train AUC: 1.0
AUC: 0.748618548572555
FPR: 0.1683366733466934
TPR: 0.6655737704918033
F1-score: 0.6005917159763314
