Number of rules: 8
Number of conditions: 35
Accuracy: 0.6932515337423313
Train AUC: 0.8870569762225213
AUC: 0.7634383682826849
FPR: 0.36732329084588644
TPR: 0.7494623655913979
F1-score: 0.7170781893004116
