Number of rules: 8
Number of conditions: 30
Accuracy: 0.6745872378402499
Train AUC: 0.8340830630819123
AUC: 0.7571783422089323
FPR: 0.25475638051044086
TPR: 0.6091534164159862
F1-score: 0.6603004541749155
