Number of rules: 3
Number of conditions: 4
Accuracy: 0.5815217391304348
Train AUC: 0.997856635551948
AUC: 0.6147235576923077
FPR: 0.275
TPR: 0.47115384615384615
F1-score: 0.5599999999999999
