Accuracy: 0.28
Train AUC: 0.8793399816735892
AUC: 0.49953007518796994
FPR: 0.9642857142857143
TPR: 1.0
F1-score: 0.41304347826086957
