Accuracy: 0.6
Train AUC: 0.986111111111111
AUC: 0.7236024844720497
FPR: 0.5217391304347826
TPR: 1.0
F1-score: 0.5384615384615384
