Number of rules: 16
Number of conditions: 30
Accuracy: 0.8018410852713178
Train AUC: 0.9772871748152646
AUC: 0.8821925043309249
FPR: 0.15265700483091788
TPR: 0.7560738581146744
F1-score: 0.7918575063613231
