Number of rules: 1324
Number of conditions: 662
Accuracy: 0.8030523255813954
Train AUC: 0.9862577183925498
AUC: 0.8913815767853034
FPR: 0.2072463768115942
TPR: 0.8134110787172012
F1-score: 0.8046142754145638
