Number of rules: 164
Number of conditions: 327
Accuracy: 0.7307005800981704
Train AUC: 0.9416173329264572
AUC: 0.7549647684749891
FPR: 0.3046403712296984
TPR: 0.7634293081220456
F1-score: 0.7464285714285713
