Number of rules: 30
Number of conditions: 59
Accuracy: 0.7666666666666667
Train AUC: 0.8090855780871671
AUC: 0.49071898496240596
FPR: 0.008928571428571428
TPR: 0.10526315789473684
F1-score: 0.18604651162790697
