Number of rules: 55
Number of conditions: 211
Accuracy: 0.8648648648648649
Train AUC: 0.8421052631578947
AUC: 0.8819875776397516
FPR: 0.07142857142857142
TPR: 0.8260869565217391
F1-score: 0.8837209302325583
