Accuracy: 0.8038740920096852
Train AUC: 0.9892860289582661
AUC: 0.886570165564467
FPR: 0.1820388349514563
TPR: 0.7898550724637681
F1-score: 0.801470588235294
