Number of rules: 112
Number of conditions: 223
Accuracy: 0.7466666666666667
Train AUC: 0.9669719511544821
AUC: 0.746593045112782
FPR: 0.22321428571428573
TPR: 0.6578947368421053
F1-score: 0.5681818181818182
