Number of rules: 218
Number of conditions: 435
Accuracy: 0.59
Train AUC: 0.8816179976652032
AUC: 0.6467945604662457
FPR: 0.3620689655172414
TPR: 0.5704225352112676
F1-score: 0.6639344262295082
