Number of rules: 5
Number of conditions: 11
Accuracy: 0.6486486486486487
Train AUC: 0.9912587412587412
AUC: 0.7606060606060606
FPR: 0.6
TPR: 0.8181818181818182
F1-score: 0.7346938775510203
