Number of rules: 9
Number of conditions: 22
Accuracy: 0.43333333333333335
Train AUC: 0.7018633540372671
AUC: 0.4618055555555556
FPR: 0.5833333333333334
TPR: 0.5
F1-score: 0.2608695652173913
