Number of rules: 2016
Number of conditions: 1916
Accuracy: 0.8250191864927091
Train AUC: 0.9888808342162494
AUC: 0.895220839600711
FPR: 0.15090543259557343
TPR: 0.7475728155339806
F1-score: 0.6695652173913044
