Number of rules: 21
Number of conditions: 93
Accuracy: 0.75
Train AUC: 0.907928388746803
AUC: 0.8401253918495298
FPR: 0.2727272727272727
TPR: 0.7586206896551724
F1-score: 0.8148148148148148
