Accuracy: 0.36263128800442235
Train AUC: 0.9568198366363504
AUC: 0.4451053009783871
FPR: 0.6658227848101266
TPR: 0.5589519650655022
F1-score: 0.1816891412349184
