Number of rules: 18
Number of conditions: 54
Accuracy: 0.7711442786069652
Train AUC: 0.9663701270844128
AUC: 0.888782379468857
FPR: 0.24492385786802032
TPR: 0.8798283261802575
F1-score: 0.4975728155339806
