Accuracy: 0.918918918918919
Train AUC: 1.0
AUC: 0.9583333333333333
FPR: 0.125
TPR: 0.9523809523809523
F1-score: 0.9302325581395349
