Number of rules: 7
Number of conditions: 20
Accuracy: 0.588957055214724
Train AUC: 0.9715599766919172
AUC: 0.6313796622403642
FPR: 0.7021517553793885
TPR: 0.8714285714285714
F1-score: 0.6827378390012914
