Accuracy: 0.8219493476592479
Train AUC: 0.9877070205765907
AUC: 0.8737080533719093
FPR: 0.15071283095723015
TPR: 0.7383177570093458
F1-score: 0.6713881019830028
