Number of rules: 115
Number of conditions: 249
Accuracy: 0.6182682738029415
Train AUC: 0.9175560897435897
AUC: 0.6488794237466488
FPR: 0.3757051523128996
TPR: 0.573170731707317
F1-score: 0.26144629867351304
