Accuracy: 0.29
Train AUC: 0.6802618328298087
AUC: 0.5184555609519185
FPR: 0.0
TPR: 0.0
F1-score: 0.0
