Number of rules: 150
Number of conditions: 213
Accuracy: 0.645
Train AUC: 0.9582919739081113
AUC: 0.6895337542496357
FPR: 0.3620689655172414
TPR: 0.647887323943662
F1-score: 0.7215686274509804
