Number of rules: 10
Number of conditions: 27
Accuracy: 0.6486486486486487
Train AUC: 0.9970760233918129
AUC: 0.8167701863354037
FPR: 0.2857142857142857
TPR: 0.6086956521739131
F1-score: 0.6829268292682927
