Number of rules: 5947
Number of conditions: 4755
Accuracy: 0.7988638108398587
Train AUC: 0.9684124198165445
AUC: 0.8513344993484159
FPR: 0.15310038376085638
TPR: 0.646606914212548
F1-score: 0.6066066066066067
