Accuracy: 0.5973229224762967
Train AUC: 0.9687212680396321
AUC: 0.6763740092326451
FPR: 0.6157253599114064
TPR: 0.8134831460674158
F1-score: 0.6672811059907834
