Number of rules: 8
Number of conditions: 24
Accuracy: 0.5518410852713178
Train AUC: 0.9547827299715088
AUC: 0.7172735830011784
FPR: 0.05314009661835749
TPR: 0.15451895043731778
F1-score: 0.25583266291230894
