Accuracy: 0.63
Train AUC: 0.9844594377251673
AUC: 0.6787882467217096
FPR: 0.2413793103448276
TPR: 0.5774647887323944
F1-score: 0.6890756302521008
