Number of rules: 7
Number of conditions: 29
Accuracy: 0.6333333333333333
Train AUC: 0.9652777777777778
AUC: 0.6375
FPR: 0.4
TPR: 0.7
F1-score: 0.56
