Number of rules: 65
Number of conditions: 129
Accuracy: 0.68
Train AUC: 0.8844330588009959
AUC: 0.5554881010199126
FPR: 0.896551724137931
TPR: 0.9154929577464789
F1-score: 0.8024691358024693
