Number of rules: 6075
Number of conditions: 3078
Accuracy: 0.30446798710271766
Train AUC: 0.9548034083786484
AUC: 0.7342241417879858
FPR: 0.9133508382145021
TPR: 0.9948783610755442
F1-score: 0.40691280439905736
