Number of rules: 15
Number of conditions: 35
Accuracy: 0.6335750139431121
Train AUC: 0.8659596217735752
AUC: 0.7281354185382605
FPR: 0.6195524146054181
TPR: 0.861228813559322
F1-score: 0.7122207621550593
