Number of rules: 8
Number of conditions: 33
Accuracy: 0.6666666666666666
Train AUC: 0.916289592760181
AUC: 0.7268518518518519
FPR: 0.3333333333333333
TPR: 0.6666666666666666
F1-score: 0.6153846153846153
