Accuracy: 0.7700386954118298
Train AUC: 0.9824506788792503
AUC: 0.8888144375949255
FPR: 0.2501563477173233
TPR: 0.9238095238095239
F1-score: 0.48258706467661694
