Number of rules: 235
Number of conditions: 469
Accuracy: 0.5727830451756832
Train AUC: 0.9423457920586032
AUC: 0.559132044426162
FPR: 0.7587412587412588
TPR: 0.8770053475935828
F1-score: 0.6816292601828762
