Accuracy: 0.6486486486486487
Train AUC: 0.9930069930069929
AUC: 0.7227272727272727
FPR: 0.5333333333333333
TPR: 0.7727272727272727
F1-score: 0.7234042553191491
