Number of rules: 2814
Number of conditions: 2714
Accuracy: 0.7590630228667038
Train AUC: 0.9922353816054781
AUC: 0.8475389924257524
FPR: 0.19190751445086704
TPR: 0.7133620689655172
F1-score: 0.7539863325740318
