Number of rules: 8
Number of conditions: 25
Accuracy: 0.5399709302325582
Train AUC: 0.9574936378017745
AUC: 0.7049261043271692
FPR: 0.078743961352657
TPR: 0.1564625850340136
F1-score: 0.2532441997640582
