Number of rules: 108
Number of conditions: 231
Accuracy: 0.12296804157912197
Train AUC: 0.9713705583756345
AUC: 0.49510077166036215
FPR: 0.9937319794408925
TPR: 0.9962476547842402
F1-score: 0.21123818995524613
