Number of rules: 7
Number of conditions: 27
Accuracy: 0.7333333333333333
Train AUC: 0.8552036199095023
AUC: 0.7919254658385093
FPR: 0.30434782608695654
TPR: 0.8571428571428571
F1-score: 0.6
