Number of rules: 28
Number of conditions: 112
Accuracy: 0.5649530127142067
Train AUC: 0.9883415110687839
AUC: 0.6730086750788644
FPR: 0.449211356466877
TPR: 0.6651785714285714
F1-score: 0.2746543778801843
