Number of rules: 207
Number of conditions: 413
Accuracy: 0.6133333333333333
Train AUC: 0.94405
AUC: 0.7112312030075189
FPR: 0.45535714285714285
TPR: 0.8157894736842105
F1-score: 0.5166666666666667
