Number of rules: 9
Number of conditions: 20
Accuracy: 0.25333333333333335
Train AUC: 0.7287256456046712
AUC: 0.512687969924812
FPR: 1.0
TPR: 1.0
F1-score: 0.4042553191489362
