Accuracy: 0.8323353293413174
Train AUC: 0.9619337768562451
AUC: 0.8578780758216695
FPR: 0.07291456271460312
TPR: 0.532010243277849
F1-score: 0.6034858387799564
