Number of rules: 94
Number of conditions: 256
Accuracy: 0.45792325555678426
Train AUC: 0.9659192460801038
AUC: 0.6303192033569307
FPR: 0.586059922276545
TPR: 0.7870544090056285
F1-score: 0.2550151975683891
