Number of rules: 16
Number of conditions: 64
Accuracy: 0.5806451612903226
Train AUC: 0.8275862068965517
AUC: 0.712962962962963
FPR: 0.48148148148148145
TPR: 1.0
F1-score: 0.38095238095238093
