Number of rules: 15
Number of conditions: 34
Accuracy: 0.7066666666666667
Train AUC: 0.9657838256444298
AUC: 0.8043937969924811
FPR: 0.3125
TPR: 0.7631578947368421
F1-score: 0.5686274509803922
