Accuracy: 0.6
Train AUC: 0.9638009049773756
AUC: 0.5396825396825397
FPR: 0.38095238095238093
TPR: 0.5555555555555556
F1-score: 0.4545454545454546
