Number of rules: 605
Number of conditions: 1209
Accuracy: 0.7467930842163971
Train AUC: 0.9383628046954543
AUC: 0.748163942193793
FPR: 0.2222222222222222
TPR: 0.7185501066098081
F1-score: 0.7480577136514983
