Number of rules: 19
Number of conditions: 37
Accuracy: 0.3
Train AUC: 0.8749999999999999
AUC: 0.4375
FPR: 0.7916666666666666
TPR: 0.6666666666666666
F1-score: 0.27586206896551724
