Number of rules: 1632
Number of conditions: 912
Accuracy: 0.657608695652174
Train AUC: 0.9999281578228947
AUC: 0.6221754807692309
FPR: 0.55
TPR: 0.8173076923076923
F1-score: 0.7296137339055793
