Number of rules: 989
Number of conditions: 1977
Accuracy: 0.5973229224762967
Train AUC: 0.8774318437510096
AUC: 0.5871214389810545
FPR: 0.6054181389870436
TPR: 0.7796610169491526
F1-score: 0.6709206927985415
