Number of rules: 31
Number of conditions: 88
Accuracy: 0.3637368711995578
Train AUC: 0.9587771555661464
AUC: 0.4314556932236695
FPR: 0.6604010025062657
TPR: 0.5446009389671361
F1-score: 0.16775126536514823
