Number of rules: 3127
Number of conditions: 156
Accuracy: 0.33766233766233766
Train AUC: 0.9674102530991735
AUC: 0.5532555879494655
FPR: 0.9714285714285714
TPR: 1.0
F1-score: 0.48999999999999994
