Number of rules: 10
Number of conditions: 23
Accuracy: 0.5945945945945946
Train AUC: 1.0
AUC: 0.638235294117647
FPR: 0.2
TPR: 0.35294117647058826
F1-score: 0.4444444444444445
