Number of rules: 30
Number of conditions: 96
Accuracy: 0.38032061912658927
Train AUC: 0.9494406714590201
AUC: 0.4581836272179537
FPR: 0.65
TPR: 0.5895196506550219
F1-score: 0.19410496046010065
