Number of rules: 4
Number of conditions: 6
Accuracy: 0.7313468992248062
Train AUC: 0.9970369509644434
AUC: 0.7416769951596925
FPR: 0.4429951690821256
TPR: 0.9067055393586005
F1-score: 0.770915100185912
