Number of rules: 497
Number of conditions: 993
Accuracy: 0.7589828634604754
Train AUC: 0.8882210132210133
AUC: 0.8085740158230864
FPR: 0.25464684014869887
TPR: 0.8717948717948718
F1-score: 0.43814432989690727
