Accuracy: 0.8011143410852714
Train AUC: 0.9892408079475055
AUC: 0.8666956568686824
FPR: 0.2106280193236715
TPR: 0.8129251700680272
F1-score: 0.8029757619390449
