Number of rules: 20
Number of conditions: 51
Accuracy: 0.7573898494143892
Train AUC: 0.9672046874688067
AUC: 0.8203500043641442
FPR: 0.1976608187134503
TPR: 0.7164179104477612
F1-score: 0.7554806070826305
