Number of rules: 966
Number of conditions: 408
Accuracy: 0.635
Train AUC: 0.9936763940399506
AUC: 0.6935405536668285
FPR: 0.2413793103448276
TPR: 0.5845070422535211
F1-score: 0.6945606694560669
