Number of rules: 21
Number of conditions: 60
Accuracy: 0.7945647167204053
Train AUC: 0.9395416869819601
AUC: 0.8428220116682541
FPR: 0.14098161987477278
TPR: 0.5902688860435339
F1-score: 0.57950974230044
