Number of rules: 16
Number of conditions: 31
Accuracy: 0.5869565217391305
Train AUC: 0.9990949995538729
AUC: 0.6043269230769232
FPR: 0.2625
TPR: 0.47115384615384615
F1-score: 0.5632183908045978
