Number of rules: 198
Number of conditions: 395
Accuracy: 0.29547198772064465
Train AUC: 0.8446886446886447
AUC: 0.5429980004831048
FPR: 0.9106256206554121
TPR: 0.9966216216216216
F1-score: 0.3912466843501326
