Number of rules: 21
Number of conditions: 41
Accuracy: 0.5815217391304348
Train AUC: 0.991984577922078
AUC: 0.6010216346153846
FPR: 0.275
TPR: 0.47115384615384615
F1-score: 0.5599999999999999
