Number of rules: 7
Number of conditions: 19
Accuracy: 0.695
Train AUC: 0.9680810028929604
AUC: 0.6188076736279747
FPR: 0.896551724137931
TPR: 0.9366197183098591
F1-score: 0.8134556574923547
