Accuracy: 0.71
Train AUC: 0.9705110896817744
AUC: 0.5157843613404566
FPR: 0.896551724137931
TPR: 0.9577464788732394
F1-score: 0.8242424242424243
