Number of rules: 70
Number of conditions: 284
Accuracy: 0.7736077481840193
Train AUC: 0.9530768304431599
AUC: 0.8606261147094716
FPR: 0.08018867924528301
TPR: 0.6194029850746269
F1-score: 0.7270072992700731
