Number of rules: 26
Number of conditions: 86
Accuracy: 0.657608695652174
Train AUC: 0.9998327956566213
AUC: 0.5935096153846153
FPR: 0.55
TPR: 0.8173076923076923
F1-score: 0.7296137339055793
