Number of rules: 16
Number of conditions: 31
Accuracy: 0.2733333333333333
Train AUC: 0.772304099061189
AUC: 0.512687969924812
FPR: 0.9732142857142857
TPR: 1.0
F1-score: 0.4108108108108108
