Number of rules: 271
Number of conditions: 541
Accuracy: 0.559322033898305
Train AUC: 0.7881704293357692
AUC: 0.5714881494317013
FPR: 0.14936708860759493
TPR: 0.2923433874709977
F1-score: 0.40909090909090917
