Number of rules: 13
Number of conditions: 38
Accuracy: 0.7613200306983884
Train AUC: 0.9911743170226733
AUC: 0.8319477700092585
FPR: 0.2416243654822335
TPR: 0.7704402515723271
F1-score: 0.6117353308364545
