Number of rules: 8
Number of conditions: 18
Accuracy: 0.6753681392235609
Train AUC: 0.8847790500782282
AUC: 0.762961382419833
FPR: 0.37540603248259863
TPR: 0.7223893425010743
F1-score: 0.697944778908034
