Number of rules: 384
Number of conditions: 309
Accuracy: 0.725
Train AUC: 0.948849104859335
AUC: 0.8808777429467084
FPR: 0.09090909090909091
TPR: 0.6551724137931034
F1-score: 0.7755102040816326
