Number of rules: 1
Number of conditions: 3
Accuracy: 0.6818181818181818
Train AUC: nan
AUC: 0.40272108843537413
FPR: 0.0
TPR: 0.0
F1-score: 0.0
