Number of rules: 15
Number of conditions: 25
Accuracy: 0.5933333333333334
Train AUC: 0.902023765865338
AUC: 0.7450657894736842
FPR: 0.5
TPR: 0.868421052631579
F1-score: 0.5196850393700788
