Accuracy: 0.12935323383084577
Train AUC: 0.9983314794215796
AUC: 0.5102569334578122
FPR: 0.9949463044851548
TPR: 1.0
F1-score: 0.22298963986186485
