Number of rules: 501
Number of conditions: 1001
Accuracy: 0.7551133222775014
Train AUC: 0.9080943188086045
AUC: 0.7882970310263594
FPR: 0.25600505689001263
TPR: 0.8325991189427313
F1-score: 0.46041412911084045
