Number of rules: 8855
Number of conditions: 4935
Accuracy: 0.7467532467532467
Train AUC: 0.9727822784912726
AUC: 0.7817298347910593
FPR: 0.20952380952380953
TPR: 0.6530612244897959
F1-score: 0.6213592233009709
