Accuracy: 0.5815217391304348
Train AUC: 0.9997784132717907
AUC: 0.6797475961538461
FPR: 0.275
TPR: 0.47115384615384615
F1-score: 0.5599999999999999
