Number of rules: 38
Number of conditions: 75
Accuracy: 0.23330775134305448
Train AUC: 0.6413139329805997
AUC: 0.5008258557660352
FPR: 0.9950149551345963
TPR: 0.9966666666666667
F1-score: 0.3744520976831559
