Number of rules: 4
Number of conditions: 10
Accuracy: 0.2903225806451613
Train AUC: 0.3
AUC: 0.452020202020202
FPR: 1.0
TPR: 1.0
F1-score: 0.45000000000000007
