Number of rules: 150
Number of conditions: 326
Accuracy: 0.65
Train AUC: 0.905
AUC: 0.658307210031348
FPR: 0.45454545454545453
TPR: 0.6896551724137931
F1-score: 0.7407407407407408
