Number of rules: 7184
Number of conditions: 2643
Accuracy: 0.66
Train AUC: 0.9825551782682513
AUC: 0.7005828071879553
FPR: 0.3103448275862069
TPR: 0.647887323943662
F1-score: 0.7301587301587301
