Number of rules: 160
Number of conditions: 446
Accuracy: 0.62
Train AUC: 0.9868924954850362
AUC: 0.6820058280718796
FPR: 0.29310344827586204
TPR: 0.5845070422535211
F1-score: 0.6859504132231404
