Number of rules: 269
Number of conditions: 304
Accuracy: 0.26554105909439757
Train AUC: 0.9795238095238095
AUC: 0.6829662476041971
FPR: 0.9627391742195368
TPR: 0.9967741935483871
F1-score: 0.39238095238095244
