Number of rules: 16
Number of conditions: 70
Accuracy: 0.7096774193548387
Train AUC: 0.7149122807017544
AUC: 0.7668067226890757
FPR: 0.29411764705882354
TPR: 0.7142857142857143
F1-score: 0.689655172413793
