Number of rules: 17
Number of conditions: 31
Accuracy: 0.8260869565217391
Train AUC: 0.9645064854959907
AUC: 0.916466346153846
FPR: 0.2
TPR: 0.8461538461538461
F1-score: 0.8461538461538461
