Number of rules: 105
Number of conditions: 209
Accuracy: 0.62
Train AUC: 0.9589237437764793
AUC: 0.6555973773676542
FPR: 0.27586206896551724
TPR: 0.5774647887323944
F1-score: 0.6833333333333335
