Number of rules: 15
Number of conditions: 29
Accuracy: 0.7419354838709677
Train AUC: 0.6710526315789473
AUC: 0.6868686868686869
FPR: 0.18181818181818182
TPR: 0.5555555555555556
F1-score: 0.5555555555555556
