Accuracy: 0.6
Train AUC: 0.9144144144144144
AUC: 0.6040000000000001
FPR: 1.0
TPR: 0.96
F1-score: 0.7500000000000001
