Number of rules: 63
Number of conditions: 226
Accuracy: 0.4864864864864865
Train AUC: 0.8966666666666667
AUC: 0.5029411764705882
FPR: 0.35
TPR: 0.29411764705882354
F1-score: 0.3448275862068966
