Number of rules: 163
Number of conditions: 325
Accuracy: 0.7857142857142857
Train AUC: 0.91393286146436
AUC: 0.7859404408013932
FPR: 0.19070904645476772
TPR: 0.762589928057554
F1-score: 0.7822878228782288
