Number of rules: 13
Number of conditions: 23
Accuracy: 0.7984496124031008
Train AUC: 0.9756859951331966
AUC: 0.8735878133171833
FPR: 0.15507246376811595
TPR: 0.7517006802721088
F1-score: 0.7880794701986755
