Number of rules: 6243
Number of conditions: 1778
Accuracy: 0.4094880017693243
Train AUC: 0.9977298373713905
AUC: 0.6118301302925083
FPR: 0.6517487777359909
TPR: 0.8677298311444653
F1-score: 0.2573018080667594
