Accuracy: 0.5727830451756832
Train AUC: 0.9975932323316408
AUC: 0.564885829047562
FPR: 0.75
TPR: 0.8729817007534983
F1-score: 0.6792294807370185
