Accuracy: 0.615
Train AUC: 0.9318342126213232
AUC: 0.6775740650801361
FPR: 0.3793103448275862
TPR: 0.6126760563380281
F1-score: 0.6932270916334661
