Number of rules: 177
Number of conditions: 353
Accuracy: 0.7857142857142857
Train AUC: 0.9395635701489031
AUC: 0.7859613941270288
FPR: 0.19362745098039216
TPR: 0.7655502392344498
F1-score: 0.7833537331701347
