Accuracy: 0.7490239821528165
Train AUC: 0.993622232536783
AUC: 0.825748450728812
FPR: 0.19883040935672514
TPR: 0.7014925373134329
F1-score: 0.7451868629671574
