Accuracy: 0.3510226644555003
Train AUC: 0.9616280763069754
AUC: 0.43139097744360905
FPR: 0.6735588972431078
TPR: 0.5352112676056338
F1-score: 0.16262482168330958
