Number of rules: 138
Number of conditions: 275
Accuracy: 0.65
Train AUC: 0.9373684210526316
AUC: 0.6868625546381739
FPR: 0.3793103448275862
TPR: 0.6619718309859155
F1-score: 0.7286821705426356
