Number of rules: 20
Number of conditions: 51
Accuracy: 0.7303659080767515
Train AUC: 0.9615445105353362
AUC: 0.7941772015590213
FPR: 0.1839907192575406
TPR: 0.6510528577567684
F1-score: 0.7148755455939602
