Number of rules: 20
Number of conditions: 43
Accuracy: 0.7097278000892459
Train AUC: 0.9333633225232765
AUC: 0.8031789384577496
FPR: 0.10812064965197216
TPR: 0.5410399656209712
F1-score: 0.6593349044252422
