Number of rules: 62
Number of conditions: 209
Accuracy: 0.7602905569007264
Train AUC: 0.9284002467032806
AUC: 0.856696805516465
FPR: 0.12745098039215685
TPR: 0.6507177033492823
F1-score: 0.7331536388140161
