Number of rules: 135
Number of conditions: 223
Accuracy: 0.2540291634689179
Train AUC: 0.9828466771323914
AUC: 0.6953222915726677
FPR: 0.9959016393442623
TPR: 1.0
F1-score: 0.40221402214022145
