Number of rules: 6
Number of conditions: 19
Accuracy: 0.6133333333333333
Train AUC: 0.8661687957200567
AUC: 0.7034774436090225
FPR: 0.4375
TPR: 0.7631578947368421
F1-score: 0.5000000000000001
