Number of rules: 184
Number of conditions: 367
Accuracy: 0.5865684962070504
Train AUC: 0.8505253333333334
AUC: 0.6237359874049916
FPR: 0.6218097447795824
TPR: 0.7795444778685002
F1-score: 0.6619230067505929
