Number of rules: 28
Number of conditions: 114
Accuracy: 0.5693753454947484
Train AUC: 0.9860612360612362
AUC: 0.6609878569663596
FPR: 0.4423558897243108
TPR: 0.6572769953051644
F1-score: 0.2644003777148253
