Number of rules: 80
Number of conditions: 162
Accuracy: 0.5883777239709443
Train AUC: 0.952711079211797
AUC: 0.7195187793427229
FPR: 0.14553990610328638
TPR: 0.305
F1-score: 0.41780821917808214
