Number of rules: 115
Number of conditions: 233
Accuracy: 0.7794361525704809
Train AUC: 0.9308703415846274
AUC: 0.8511470149016618
FPR: 0.22057001239157373
TPR: 0.7794871794871795
F1-score: 0.43243243243243246
