Accuracy: 0.3
Train AUC: 0.7847222222222222
AUC: 0.47846889952153115
FPR: 0.8947368421052632
TPR: 0.6363636363636364
F1-score: 0.4
