Number of rules: 5308
Number of conditions: 755
Accuracy: 0.34415584415584416
Train AUC: 0.9952477936184657
AUC: 0.5120505344995141
FPR: 0.9333333333333333
TPR: 0.9387755102040817
F1-score: 0.4766839378238342
