Number of rules: 26
Number of conditions: 109
Accuracy: 0.4912086696892624
Train AUC: 0.9829229388095353
AUC: 0.6235844916235491
FPR: 0.531152062178764
TPR: 0.6585365853658537
F1-score: 0.23380516236469612
