Number of rules: 15
Number of conditions: 28
Accuracy: 0.8006298449612403
Train AUC: 0.9820476475595799
AUC: 0.8830610366990135
FPR: 0.1642512077294686
TPR: 0.7653061224489796
F1-score: 0.7928517493078278
