Number of rules: 6172
Number of conditions: 698
Accuracy: 0.655
Train AUC: 0.985344
AUC: 0.6976687712481786
FPR: 0.3620689655172414
TPR: 0.6619718309859155
F1-score: 0.7315175097276264
