Accuracy: 0.7837837837837838
Train AUC: 0.9941520467836258
AUC: 0.9345238095238095
FPR: 0.2857142857142857
TPR: 0.875
F1-score: 0.7777777777777777
