Number of rules: 19
Number of conditions: 40
Accuracy: 0.6753246753246753
Train AUC: 0.9447363726301108
AUC: 0.7490767735665694
FPR: 0.3142857142857143
TPR: 0.6530612244897959
F1-score: 0.5614035087719299
