Number of rules: 13
Number of conditions: 46
Accuracy: 0.2831926323867997
Train AUC: 0.9793040293040293
AUC: 0.702564922043415
FPR: 0.9569672131147541
TPR: 1.0
F1-score: 0.41183879093199
