Number of rules: 12662
Number of conditions: 8100
Accuracy: 0.6034136546184738
Train AUC: 0.9288773040402158
AUC: 0.6793712616046672
FPR: 0.6412993039443156
TPR: 0.8300386764073915
F1-score: 0.6848683627338001
