Number of rules: 195
Number of conditions: 389
Accuracy: 0.7687701520036849
Train AUC: 0.8479074762015323
AUC: 0.7678591425159907
FPR: 0.17854978792163198
TPR: 0.6017925736235595
F1-score: 0.5552274069698759
