Number of rules: 9152
Number of conditions: 6155
Accuracy: 0.8017810532780593
Train AUC: 0.9654047266139658
AUC: 0.8560279988445019
FPR: 0.1526964249646536
TPR: 0.6574903969270166
F1-score: 0.614050822122571
