Number of rules: 260
Number of conditions: 519
Accuracy: 0.562953995157385
Train AUC: 0.8212677802427248
AUC: 0.5843787784953848
FPR: 0.13910761154855644
TPR: 0.30786516853932583
F1-score: 0.43149606299212595
