Number of rules: 68
Number of conditions: 215
Accuracy: 0.5016957364341085
Train AUC: 0.9009302565513446
AUC: 0.7183533799993426
FPR: 0.0004830917874396135
TPR: 0.0009718172983479105
F1-score: 0.0019408054342552156
