Accuracy: 0.8709677419354839
Train AUC: 0.8399122807017544
AUC: 0.8787878787878788
FPR: 0.0
TPR: 0.5555555555555556
F1-score: 0.7142857142857143
