Number of rules: 1308
Number of conditions: 671
Accuracy: 0.5419089147286822
Train AUC: 0.968573730862208
AUC: 0.6902402783059394
FPR: 0.05893719806763285
TPR: 0.14042759961127307
F1-score: 0.23410287565816118
