Number of rules: 715
Number of conditions: 615
Accuracy: 0.788135593220339
Train AUC: 0.9982056840077073
AUC: 0.8680242654651272
FPR: 0.11940298507462686
TPR: 0.7004716981132075
F1-score: 0.7724317295188556
