Accuracy: 0.74
Train AUC: 0.9531678276506224
AUC: 0.4929511278195489
FPR: 0.008928571428571428
TPR: 0.0
F1-score: 0.0
