Number of rules: 9
Number of conditions: 19
Accuracy: 0.39248203427307904
Train AUC: 0.9942056704078948
AUC: 0.6197607655502392
FPR: 0.673125
TPR: 0.8947368421052632
F1-score: 0.25390359809911744
