Accuracy: 0.26
Train AUC: 0.861742313037011
AUC: 0.4985902255639098
FPR: 0.9910714285714286
TPR: 1.0
F1-score: 0.40641711229946526
