Accuracy: 0.5329457364341085
Train AUC: 0.963554921246303
AUC: 0.708232043680136
FPR: 0.05990338164251208
TPR: 0.12342079689018465
F1-score: 0.20853858784893267
