Accuracy: 0.7297297297297297
Train AUC: 0.9733333333333333
AUC: 0.7045454545454546
FPR: 0.18181818181818182
TPR: 0.6
F1-score: 0.6428571428571429
