Accuracy: 0.7266666666666667
Train AUC: 0.9893239303933593
AUC: 0.774906015037594
FPR: 0.26785714285714285
TPR: 0.7105263157894737
F1-score: 0.5684210526315789
