Number of rules: 4351
Number of conditions: 3159
Accuracy: 0.7532467532467533
Train AUC: 0.9668904782756775
AUC: 0.7572400388726921
FPR: 0.21904761904761905
TPR: 0.6938775510204082
F1-score: 0.6415094339622641
