Number of rules: 6
Number of conditions: 11
Accuracy: 0.7869249394673123
Train AUC: 0.9949391859344895
AUC: 0.85318158363824
FPR: 0.1053921568627451
TPR: 0.6818181818181818
F1-score: 0.7640750670241286
