Number of rules: 208
Number of conditions: 379
Accuracy: 0.7881811204911742
Train AUC: 0.9866313248559185
AUC: 0.8347398501414482
FPR: 0.16869918699186992
TPR: 0.6551724137931034
F1-score: 0.6023054755043228
