Number of rules: 15
Number of conditions: 29
Accuracy: 0.8
Train AUC: 0.8552036199095022
AUC: 0.7936507936507936
FPR: 0.19047619047619047
TPR: 0.7777777777777778
F1-score: 0.7000000000000001
