Number of rules: 2
Number of conditions: 4
Accuracy: 0.3181818181818182
Train AUC: 0.9260013577732519
AUC: 0.5789115646258504
FPR: 1.0
TPR: 1.0
F1-score: 0.4827586206896552
