Number of rules: 6
Number of conditions: 11
Accuracy: 0.26666666666666666
Train AUC: 0.7321428571428572
AUC: 0.4602272727272727
FPR: 0.9545454545454546
TPR: 0.875
F1-score: 0.3888888888888889
