Accuracy: 0.27705295471987723
Train AUC: 1.0
AUC: 0.5247225025227044
FPR: 0.9505549949545913
TPR: 1.0
F1-score: 0.39846743295019155
