Number of rules: 59
Number of conditions: 117
Accuracy: 0.2542607093505297
Train AUC: 0.8871671195652175
AUC: 0.576876759722877
FPR: 0.980004039587962
TPR: 0.9967989756722151
F1-score: 0.39066616484757244
