Number of rules: 15
Number of conditions: 29
Accuracy: 0.675
Train AUC: 0.9
AUC: 0.7194357366771159
FPR: 0.18181818181818182
TPR: 0.6206896551724138
F1-score: 0.7346938775510204
