Accuracy: 0.26715799170888993
Train AUC: 0.925281630267283
AUC: 0.6660323022211785
FPR: 0.9634417289436478
TPR: 0.9980793854033291
F1-score: 0.39513369661639847
