Number of rules: 194
Number of conditions: 387
Accuracy: 0.635
Train AUC: 0.8920551924473493
AUC: 0.6358062166100049
FPR: 0.39655172413793105
TPR: 0.647887323943662
F1-score: 0.7159533073929962
