Accuracy: 0.7620874904067536
Train AUC: 1.0
AUC: 0.7667307045460425
FPR: 0.24217961654894046
TPR: 0.7756410256410257
F1-score: 0.6095717884130983
