Number of rules: 9
Number of conditions: 17
Accuracy: 0.7708333333333334
Train AUC: 0.9900917992656059
AUC: 0.8492129218837293
FPR: 0.08888888888888889
TPR: 0.6297376093294461
F1-score: 0.7326172979084229
