Number of rules: 492
Number of conditions: 392
Accuracy: 0.575
Train AUC: 0.9028132992327365
AUC: 0.5833333333333334
FPR: 0.4166666666666667
TPR: 0.5714285714285714
F1-score: 0.6530612244897959
