Number of rules: 477
Number of conditions: 953
Accuracy: 0.7339654210819855
Train AUC: 0.9449554572838557
AUC: 0.7299082225135793
FPR: 0.33807829181494664
TPR: 0.7978947368421052
F1-score: 0.7606623181133968
