Number of rules: 31
Number of conditions: 61
Accuracy: 0.7
Train AUC: 0.7442455242966751
AUC: 0.7084639498432602
FPR: 0.2727272727272727
TPR: 0.6896551724137931
F1-score: 0.7692307692307693
