Accuracy: 0.625
Train AUC: 0.9514066496163682
AUC: 0.6677115987460815
FPR: 0.36363636363636365
TPR: 0.6206896551724138
F1-score: 0.7058823529411765
