Number of rules: 23
Number of conditions: 94
Accuracy: 0.6451612903225806
Train AUC: 0.9210526315789473
AUC: 0.6666666666666666
FPR: 0.3333333333333333
TPR: 0.6
F1-score: 0.5217391304347826
