Number of rules: 490
Number of conditions: 415
Accuracy: 0.6333333333333333
Train AUC: 0.995475113122172
AUC: 0.7037037037037037
FPR: 0.3888888888888889
TPR: 0.6666666666666666
F1-score: 0.5925925925925926
