Number of rules: 18
Number of conditions: 35
Accuracy: 0.7741935483870968
Train AUC: 0.7280701754385964
AUC: 0.7708333333333333
FPR: 0.125
TPR: 0.6666666666666666
F1-score: 0.7407407407407408
