Number of rules: 488
Number of conditions: 975
Accuracy: 0.7645107794361525
Train AUC: 0.8937325544468402
AUC: 0.8150853211828821
FPR: 0.2507817385866166
TPR: 0.8809523809523809
F1-score: 0.4648241206030151
