Number of rules: 61
Number of conditions: 212
Accuracy: 0.7651331719128329
Train AUC: 0.9551390895953756
AUC: 0.8550256825218127
FPR: 0.07107843137254902
TPR: 0.6052631578947368
F1-score: 0.7228571428571428
