Number of rules: 93
Number of conditions: 185
Accuracy: 0.68
Train AUC: 0.8834201221472195
AUC: 0.5341185041282176
FPR: 0.896551724137931
TPR: 0.9154929577464789
F1-score: 0.8024691358024693
