Number of rules: 21
Number of conditions: 52
Accuracy: 0.7739082365948038
Train AUC: 0.9668604132889848
AUC: 0.884141247626102
FPR: 0.23767383059418457
TPR: 0.8546255506607929
F1-score: 0.48682559598494357
