Accuracy: 0.4036271148954993
Train AUC: 0.9863322087817644
AUC: 0.589079391242317
FPR: 0.6563871129497305
TPR: 0.8527204502814258
F1-score: 0.25211482457356815
