Accuracy: 0.3181818181818182
Train AUC: 0.941874354338843
AUC: 0.49339164237123423
FPR: 1.0
TPR: 1.0
F1-score: 0.4827586206896552
