Number of rules: 18
Number of conditions: 60
Accuracy: 0.65
Train AUC: 0.9650000000000001
AUC: 0.7934472934472934
FPR: 0.23076923076923078
TPR: 0.5925925925925926
F1-score: 0.6956521739130435
