Number of rules: 8
Number of conditions: 15
Accuracy: 0.6666666666666666
Train AUC: 0.9285714285714286
AUC: 0.3846153846153846
FPR: 0.23076923076923078
TPR: 0.0
F1-score: 0.0
