Number of rules: 173
Number of conditions: 179
Accuracy: 0.475
Train AUC: 0.8378378378378378
AUC: 0.56
FPR: 0.13333333333333333
TPR: 0.24
F1-score: 0.36363636363636365
