Number of rules: 6
Number of conditions: 21
Accuracy: 0.7133333333333334
Train AUC: 0.9365665782678484
AUC: 0.778312969924812
FPR: 0.2767857142857143
TPR: 0.6842105263157895
F1-score: 0.5473684210526316
