Number of rules: 294
Number of conditions: 207
Accuracy: 0.7956394902502687
Train AUC: 0.9394409332084894
AUC: 0.8508645287194792
FPR: 0.171884467784286
TPR: 0.6927016645326505
F1-score: 0.6191702432045779
