Number of rules: 103
Number of conditions: 205
Accuracy: 0.7917675544794189
Train AUC: 0.9594051059730251
AUC: 0.7896836571857693
FPR: 0.1320754716981132
TPR: 0.7114427860696517
F1-score: 0.7688172043010754
