Accuracy: 0.40827159128607765
Train AUC: 0.9950025856187451
AUC: 0.5962871444897514
FPR: 0.6516234173248088
TPR: 0.8564727954971857
F1-score: 0.2544238539779852
