Number of rules: 114
Number of conditions: 306
Accuracy: 0.4180028751520513
Train AUC: 0.9888996482932371
AUC: 0.6163439282872593
FPR: 0.6364548075717689
TPR: 0.8255159474671669
F1-score: 0.2506051544923822
