Number of rules: 7
Number of conditions: 20
Accuracy: 0.5627422480620154
Train AUC: 0.955937019969278
AUC: 0.7355641704576931
FPR: 0.05893719806763285
TPR: 0.18221574344023322
F1-score: 0.29354207436399216
