Number of rules: 26
Number of conditions: 109
Accuracy: 0.4840207895609864
Train AUC: 0.9836170876713772
AUC: 0.6272522832411476
FPR: 0.5408048138397894
TPR: 0.6697936210131332
F1-score: 0.2343288480472596
