Number of rules: 0
Number of conditions: 0
Accuracy: 0.1238253178551686
Train AUC: 0.5
AUC: 0.5
FPR: 1.0
TPR: 1.0
F1-score: 0.22036399409739302
