Accuracy: 0.64
Train AUC: 0.9893535688724056
AUC: 0.7003399708596406
FPR: 0.2413793103448276
TPR: 0.5915492957746479
F1-score: 0.7000000000000001
