Accuracy: 0.75
Train AUC: 0.8198198198198199
AUC: 0.5866666666666667
FPR: 1.0
TPR: 1.0
F1-score: 0.8571428571428571
