Number of rules: 5
Number of conditions: 9
Accuracy: 0.2903225806451613
Train AUC: 0.5
AUC: 0.5
FPR: 1.0
TPR: 1.0
F1-score: 0.45000000000000007
