Number of rules: 8216
Number of conditions: 5219
Accuracy: 0.6266666666666667
Train AUC: 0.9801041666666667
AUC: 0.7467105263157895
FPR: 0.45535714285714285
TPR: 0.868421052631579
F1-score: 0.5409836065573771
