Accuracy: 0.8019953952417498
Train AUC: 0.9913522284975111
AUC: 0.8528872487582974
FPR: 0.1536926147704591
TPR: 0.654485049833887
F1-score: 0.6042944785276074
