Number of rules: 164
Number of conditions: 327
Accuracy: 0.6133333333333333
Train AUC: 0.939159144422778
AUC: 0.6859727443609022
FPR: 0.45535714285714285
TPR: 0.8157894736842105
F1-score: 0.5166666666666667
