Number of rules: 18
Number of conditions: 64
Accuracy: 0.795088257866462
Train AUC: 0.9903373063996397
AUC: 0.8513478722268621
FPR: 0.1586489252814739
TPR: 0.656441717791411
F1-score: 0.6158273381294964
