Accuracy: 0.34415584415584416
Train AUC: 0.99349321435211
AUC: 0.48493683187560743
FPR: 0.9428571428571428
TPR: 0.9591836734693877
F1-score: 0.48205128205128206
