Number of rules: 55
Number of conditions: 173
Accuracy: 0.7717391304347826
Train AUC: 0.9959604108220053
AUC: 0.8536057692307695
FPR: 0.2375
TPR: 0.7788461538461539
F1-score: 0.7941176470588236
