Number of rules: 13
Number of conditions: 26
Accuracy: 0.5544794188861986
Train AUC: 0.9505578755056767
AUC: 0.7519891474239878
FPR: 0.13648293963254593
TPR: 0.2898876404494382
F1-score: 0.4121405750798722
