Number of rules: 9726
Number of conditions: 4863
Accuracy: 0.5207342696007962
Train AUC: 0.9920919021077583
AUC: 0.6526713997865815
FPR: 0.49818227403785886
TPR: 0.6622889305816135
F1-score: 0.24573616428820047
