Number of rules: 2242
Number of conditions: 2142
Accuracy: 0.7322922476296709
Train AUC: 0.995805293853746
AUC: 0.8058547786998099
FPR: 0.34445768772348034
TPR: 0.79979035639413
F1-score: 0.7607178464606181
