Number of rules: 1597
Number of conditions: 877
Accuracy: 0.7308624031007752
Train AUC: 0.998584219971495
AUC: 0.754747820453233
FPR: 0.4429951690821256
TPR: 0.9057337220602527
F1-score: 0.770407108906799
