Number of rules: 19
Number of conditions: 37
Accuracy: 0.6666666666666666
Train AUC: 0.9705882352941176
AUC: 0.6666666666666667
FPR: 0.3333333333333333
TPR: 0.6666666666666666
F1-score: 0.6153846153846153
