Accuracy: 0.829623944742901
Train AUC: 0.9889630848157029
AUC: 0.8768328348288468
FPR: 0.15453639082751744
TPR: 0.7766666666666666
F1-score: 0.6773255813953488
