Number of rules: 2320
Number of conditions: 2220
Accuracy: 0.7943207981580968
Train AUC: 0.9930355843525865
AUC: 0.8635569392775909
FPR: 0.16766467065868262
TPR: 0.6677740863787376
F1-score: 0.6
