Number of rules: 2256
Number of conditions: 2156
Accuracy: 0.8158096699923254
Train AUC: 0.9937170114225656
AUC: 0.8750414149909523
FPR: 0.1443089430894309
TPR: 0.6927899686520376
F1-score: 0.6480938416422287
