Number of rules: 425
Number of conditions: 350
Accuracy: 0.8378378378378378
Train AUC: 0.9821428571428571
AUC: 0.9391025641025641
FPR: 0.15384615384615385
TPR: 0.8333333333333334
F1-score: 0.8695652173913043
