Accuracy: 0.28779739063699156
Train AUC: 1.0
AUC: 0.5201654601861427
FPR: 0.9596690796277145
TPR: 1.0
F1-score: 0.41999999999999993
