Number of rules: 16
Number of conditions: 53
Accuracy: 0.7482732156561781
Train AUC: 0.9962392061808817
AUC: 0.8325221551049723
FPR: 0.25227963525835867
TPR: 0.75
F1-score: 0.5910224438902744
