Accuracy: 0.595
Train AUC: 0.937769478161635
AUC: 0.6828557552209811
FPR: 0.3793103448275862
TPR: 0.5845070422535211
F1-score: 0.6720647773279352
