Number of rules: 80
Number of conditions: 159
Accuracy: 0.7466666666666667
Train AUC: 0.8833421985815604
AUC: 0.43585526315789463
FPR: 0.0
TPR: 0.0
F1-score: 0.0
