Number of rules: 28
Number of conditions: 75
Accuracy: 0.3637368711995578
Train AUC: 0.9539179474959292
AUC: 0.44437671167059045
FPR: 0.6645846346033729
TPR: 0.5817307692307693
F1-score: 0.17372577171572146
