Number of rules: 576
Number of conditions: 1151
Accuracy: 0.7495817066369214
Train AUC: 0.9467818570202233
AUC: 0.7494998083843064
FPR: 0.2341842397336293
TPR: 0.7331838565022422
F1-score: 0.7444507683551508
