Number of rules: 16
Number of conditions: 57
Accuracy: 0.4113679088797965
Train AUC: 0.9916065165455192
AUC: 0.565764706740133
FPR: 0.6413438636078727
TPR: 0.8058161350844277
F1-score: 0.24399943189887796
