Number of rules: 288
Number of conditions: 413
Accuracy: 0.7935533384497314
Train AUC: 0.9868449926659968
AUC: 0.8458031660711707
FPR: 0.15455475946775846
TPR: 0.6380368098159509
F1-score: 0.6072992700729928
