Number of rules: 563
Number of conditions: 463
Accuracy: 0.525
Train AUC: 0.97
AUC: 0.6266666666666667
FPR: 0.4
TPR: 0.48
F1-score: 0.5581395348837209
