Accuracy: 0.27084292952556427
Train AUC: 0.9377208183882104
AUC: 0.6939452860827401
FPR: 0.9589981821854171
TPR: 0.9993597951344431
F1-score: 0.39664591538559263
