Number of rules: 12
Number of conditions: 23
Accuracy: 0.5815217391304348
Train AUC: 0.9996907775462139
AUC: 0.6039663461538461
FPR: 0.275
TPR: 0.47115384615384615
F1-score: 0.5599999999999999
