Number of rules: 17
Number of conditions: 54
Accuracy: 0.7590176515732924
Train AUC: 0.9932484977023683
AUC: 0.8382313051187223
FPR: 0.24275724275724275
TPR: 0.7649006622516556
F1-score: 0.595360824742268
