Accuracy: 0.71
Train AUC: 0.9717553599979857
AUC: 0.5185162700339971
FPR: 0.9310344827586207
TPR: 0.971830985915493
F1-score: 0.8263473053892216
