Number of rules: 20
Number of conditions: 50
Accuracy: 0.7272423025435074
Train AUC: 0.9530078323670024
AUC: 0.790661153193072
FPR: 0.18491879350348028
TPR: 0.6458960034379029
F1-score: 0.7108903866619367
