Number of rules: 284
Number of conditions: 567
Accuracy: 0.5727830451756832
Train AUC: 0.9510145259302423
AUC: 0.5556967569024376
FPR: 0.7667844522968198
TPR: 0.878177966101695
F1-score: 0.6839933993399341
