Number of rules: 2129
Number of conditions: 2029
Accuracy: 0.5638474295190713
Train AUC: 0.9935163116981299
AUC: 0.6573550878900309
FPR: 0.4513715710723192
TPR: 0.6829268292682927
F1-score: 0.2619270346117867
