Number of rules: 24
Number of conditions: 47
Accuracy: 0.12584319363043237
Train AUC: 0.8446442080904276
AUC: 0.4989932947467872
FPR: 0.9895950858718816
TPR: 0.9896810506566605
F1-score: 0.21068397403894154
