Number of rules: 9144
Number of conditions: 6151
Accuracy: 0.7409638554216867
Train AUC: 0.9781832977316651
AUC: 0.8072351503633827
FPR: 0.2791183294663573
TPR: 0.7595616673828964
F1-score: 0.7527683134582625
