Number of rules: 4
Number of conditions: 19
Accuracy: 0.6333333333333333
Train AUC: 0.927601809954751
AUC: 0.7407407407407407
FPR: 0.05555555555555555
TPR: 0.16666666666666666
F1-score: 0.26666666666666666
