Number of rules: 16
Number of conditions: 56
Accuracy: 0.5806451612903226
Train AUC: 0.9655172413793103
AUC: 0.6952380952380953
FPR: 0.5238095238095238
TPR: 0.8
F1-score: 0.5517241379310345
