Number of rules: 101
Number of conditions: 297
Accuracy: 0.8009950248756219
Train AUC: 0.9395304395304395
AUC: 0.8559018322040914
FPR: 0.18781725888324874
TPR: 0.7253218884120172
F1-score: 0.48424068767908307
