Number of rules: 1525
Number of conditions: 1425
Accuracy: 0.30007674597083656
Train AUC: 0.9917844060701204
AUC: 0.7198372562290068
FPR: 0.9334016393442623
TPR: 0.9969418960244648
F1-score: 0.41687979539641945
