Number of rules: 6444
Number of conditions: 5142
Accuracy: 0.7670812221710426
Train AUC: 0.9659630083554126
AUC: 0.8440839949818076
FPR: 0.22884265804887902
TPR: 0.7541613316261203
F1-score: 0.6083139684998708
