Number of rules: 390
Number of conditions: 315
Accuracy: 0.625
Train AUC: 0.9565217391304348
AUC: 0.6332288401253918
FPR: 0.45454545454545453
TPR: 0.6551724137931034
F1-score: 0.7169811320754716
