Number of rules: 140
Number of conditions: 279
Accuracy: 0.7839705204974666
Train AUC: 0.8673441081570379
AUC: 0.7877261826592022
FPR: 0.15027267218743687
TPR: 0.5755441741357235
F1-score: 0.5609984399375975
