Number of rules: 15
Number of conditions: 62
Accuracy: 0.6038961038961039
Train AUC: 0.7539375959079284
AUC: 0.7062196307094266
FPR: 0.49523809523809526
TPR: 0.8163265306122449
F1-score: 0.5673758865248227
