Number of rules: 7
Number of conditions: 28
Accuracy: 0.6698271054099275
Train AUC: 0.8502375676269189
AUC: 0.741809748251225
FPR: 0.2783625730994152
TPR: 0.6226012793176973
F1-score: 0.6636363636363636
