Number of rules: 2103
Number of conditions: 2003
Accuracy: 0.5732448866777226
Train AUC: 0.9934500389045844
AUC: 0.6735635421360975
FPR: 0.44100946372239747
TPR: 0.6741071428571429
F1-score: 0.2811918063314711
