Number of rules: 14
Number of conditions: 38
Accuracy: 0.8378378378378378
Train AUC: 1.0
AUC: 0.9358974358974359
FPR: 0.07692307692307693
TPR: 0.7916666666666666
F1-score: 0.8636363636363635
