Accuracy: 0.2632386799693016
Train AUC: 0.9828990057561486
AUC: 0.6779251321828283
FPR: 0.9533267130089375
TPR: 1.0
F1-score: 0.3814432989690722
