Number of rules: 2815
Number of conditions: 2715
Accuracy: 0.7501394311210262
Train AUC: 0.9923776227266375
AUC: 0.8276678130428075
FPR: 0.22086570477247502
TPR: 0.7208520179372198
F1-score: 0.7416378316032295
