Number of rules: 10
Number of conditions: 20
Accuracy: 0.38971807628524047
Train AUC: 0.9952772535783097
AUC: 0.6605714909953494
FPR: 0.6763975155279504
TPR: 0.9246231155778895
F1-score: 0.25
