Number of rules: 9467
Number of conditions: 3898
Accuracy: 0.7394020526550648
Train AUC: 0.9818486029497528
AUC: 0.8119535673726266
FPR: 0.2672853828306265
TPR: 0.745595186935969
F1-score: 0.7481673134971971
