Number of rules: 255
Number of conditions: 293
Accuracy: 0.24213112237064333
Train AUC: 0.8651103081019399
AUC: 0.5260102137955809
FPR: 0.9965663502322764
TPR: 0.998719590268886
F1-score: 0.3872889771598808
