Number of rules: 4928
Number of conditions: 3736
Accuracy: 0.7472077850270927
Train AUC: 0.978443833734112
AUC: 0.8840643162412762
FPR: 0.27102920897580546
TPR: 0.8836772983114447
F1-score: 0.4517985611510791
