Number of rules: 7
Number of conditions: 28
Accuracy: 0.607764390896921
Train AUC: 0.7644358875625722
AUC: 0.6890326860012144
FPR: 0.7552204176334106
TPR: 0.9439192092823377
F1-score: 0.7141928141765568
