Accuracy: 0.5346414728682171
Train AUC: 0.9679823075850251
AUC: 0.699863969052079
FPR: 0.04009661835748792
TPR: 0.10689990281827016
F1-score: 0.18636171113934774
