Number of rules: 194
Number of conditions: 387
Accuracy: 0.7666666666666667
Train AUC: 0.9380897414756592
AUC: 0.7534069548872181
FPR: 0.21428571428571427
TPR: 0.7105263157894737
F1-score: 0.6067415730337078
