Number of rules: 134
Number of conditions: 153
Accuracy: 0.65
Train AUC: 0.6854219948849105
AUC: 0.8307210031347962
FPR: 0.09090909090909091
TPR: 0.5517241379310345
F1-score: 0.6956521739130435
