Accuracy: 0.7454261490406069
Train AUC: 0.9725734162820255
AUC: 0.8301807591104926
FPR: 0.15498839907192574
TPR: 0.6532015470562956
F1-score: 0.7270987801961253
