Number of rules: 6215
Number of conditions: 1674
Accuracy: 0.63
Train AUC: 0.9932288986103963
AUC: 0.6826129188926663
FPR: 0.25862068965517243
TPR: 0.5845070422535211
F1-score: 0.6916666666666668
