Number of rules: 781
Number of conditions: 1561
Accuracy: 0.3692647871752349
Train AUC: 0.8326641248659596
AUC: 0.4493010695753468
FPR: 0.6553884711779449
TPR: 0.5539906103286385
F1-score: 0.17138707334785766
