Number of rules: 16
Number of conditions: 39
Accuracy: 0.6186970102632753
Train AUC: 0.7933667083854818
AUC: 0.7035620881471119
FPR: 0.6041763341067286
TPR: 0.8250966910184787
F1-score: 0.6920165795638854
