Accuracy: 0.3786622443338861
Train AUC: 0.9574533010312827
AUC: 0.46455419822010946
FPR: 0.6518987341772152
TPR: 0.5895196506550219
F1-score: 0.19368723098995694
