Number of rules: 4096
Number of conditions: 2904
Accuracy: 0.7066666666666667
Train AUC: 0.9921051713308674
AUC: 0.7695018796992481
FPR: 0.2857142857142857
TPR: 0.6842105263157895
F1-score: 0.5416666666666666
