Number of rules: 6249
Number of conditions: 1696
Accuracy: 0.24535544296023337
Train AUC: 0.9805108016816116
AUC: 0.6234948849557934
FPR: 0.9927287416683498
TPR: 1.0
F1-score: 0.3886055479537256
