Number of rules: 32168
Number of conditions: 29398
Accuracy: 0.6266666666666667
Train AUC: 0.9692364059025671
AUC: 0.730733082706767
FPR: 0.44642857142857145
TPR: 0.8421052631578947
F1-score: 0.5333333333333333
