Number of rules: 6037
Number of conditions: 4481
Accuracy: 0.7558009817045962
Train AUC: 0.974820042342978
AUC: 0.824371072161063
FPR: 0.23201856148491878
TPR: 0.7445208422862054
F1-score: 0.7599517490952955
