Number of rules: 129
Number of conditions: 281
Accuracy: 0.3908236594803759
Train AUC: 0.9413830308325722
AUC: 0.4167196159412616
FPR: 0.6259398496240601
TPR: 0.5164319248826291
F1-score: 0.16641452344931923
