Number of rules: 30
Number of conditions: 59
Accuracy: 0.5903614457831325
Train AUC: 0.8233597552496175
AUC: 0.6723682544367193
FPR: 0.6338747099767982
TPR: 0.7980232058444349
F1-score: 0.6691891891891892
