Number of rules: 6672
Number of conditions: 2131
Accuracy: 0.32
Train AUC: 0.9006359241628974
AUC: 0.5004699248120301
FPR: 0.8839285714285714
TPR: 0.9210526315789473
F1-score: 0.40697674418604646
