Accuracy: 0.2356101304681504
Train AUC: 0.9045414462081128
AUC: 0.5470859752291469
FPR: 0.9979959919839679
TPR: 1.0
F1-score: 0.37982565379825656
