Accuracy: 0.43333333333333335
Train AUC: 1.0
AUC: 0.41200000000000003
FPR: 0.6
TPR: 0.6
F1-score: 0.2608695652173913
