Number of rules: 8
Number of conditions: 23
Accuracy: 0.5672058003346346
Train AUC: 0.9806927911429284
AUC: 0.5897239913487222
FPR: 0.7546296296296297
TPR: 0.8665231431646933
F1-score: 0.6747694886839899
