Number of rules: 208
Number of conditions: 377
Accuracy: 0.30007674597083656
Train AUC: 0.9816535845107275
AUC: 0.7197479570862786
FPR: 0.9334016393442623
TPR: 0.9969418960244648
F1-score: 0.41687979539641945
