Number of rules: 243
Number of conditions: 261
Accuracy: 0.23177283192632386
Train AUC: 0.867173721340388
AUC: 0.5243270189431705
FPR: 0.9970089730807578
TPR: 0.9966666666666667
F1-score: 0.3739837398373984
