Number of rules: 67
Number of conditions: 270
Accuracy: 0.7711864406779662
Train AUC: 0.9537662572254335
AUC: 0.8612450718107574
FPR: 0.08962264150943396
TPR: 0.6243781094527363
F1-score: 0.7264833574529667
