Number of rules: 105
Number of conditions: 201
Accuracy: 0.5760088446655611
Train AUC: 0.9244895153986064
AUC: 0.6616335439537812
FPR: 0.4348370927318296
TPR: 0.6572769953051644
F1-score: 0.2674307545367718
