Number of rules: 1550
Number of conditions: 1450
Accuracy: 0.2831926323867997
Train AUC: 0.9868864468864469
AUC: 0.731833674843005
FPR: 0.9321357285429142
TPR: 1.0
F1-score: 0.3919270833333333
