Number of rules: 14
Number of conditions: 27
Accuracy: 0.8918918918918919
Train AUC: 0.9449404761904762
AUC: 0.8898809523809523
FPR: 0.125
TPR: 0.9047619047619048
F1-score: 0.9047619047619048
