Accuracy: 0.8532608695652174
Train AUC: 0.9889911355392701
AUC: 0.8573918269230769
FPR: 0.2125
TPR: 0.9038461538461539
F1-score: 0.8744186046511627
