Number of rules: 13
Number of conditions: 25
Accuracy: 0.5974025974025974
Train AUC: 0.7688998508661236
AUC: 0.6607385811467444
FPR: 0.47619047619047616
TPR: 0.7551020408163265
F1-score: 0.5441176470588235
