Number of rules: 13
Number of conditions: 57
Accuracy: 0.625
Train AUC: 0.9514066496163682
AUC: 0.6630094043887147
FPR: 0.45454545454545453
TPR: 0.6551724137931034
F1-score: 0.7169811320754716
