Number of rules: 39
Number of conditions: 77
Accuracy: 0.6688311688311688
Train AUC: 0.9497389489769513
AUC: 0.7388726919339165
FPR: 0.3047619047619048
TPR: 0.6122448979591837
F1-score: 0.5405405405405406
