Number of rules: 6
Number of conditions: 11
Accuracy: 0.6756756756756757
Train AUC: 0.8350000000000001
AUC: 0.6424242424242425
FPR: 0.18181818181818182
TPR: 0.4666666666666667
F1-score: 0.5384615384615385
