Number of rules: 149
Number of conditions: 297
Accuracy: 0.8160601873176724
Train AUC: 0.9347802848578917
AUC: 0.8123222820516867
FPR: 0.09210260553423551
TPR: 0.5249679897567221
F1-score: 0.5778717406624383
