Accuracy: 0.7755666113875069
Train AUC: 0.9827000005571433
AUC: 0.8931968678469789
FPR: 0.2402022756005057
TPR: 0.8854625550660793
F1-score: 0.4975247524752475
