Number of rules: 70
Number of conditions: 233
Accuracy: 0.7651331719128329
Train AUC: 0.9555124036608863
AUC: 0.8568199408950186
FPR: 0.07107843137254902
TPR: 0.6052631578947368
F1-score: 0.7228571428571428
