Number of rules: 18814
Number of conditions: 17426
Accuracy: 0.5988398036590807
Train AUC: 0.943101964721067
AUC: 0.6495940422977714
FPR: 0.6419953596287703
TPR: 0.8218736570691878
F1-score: 0.6802418637737863
