Accuracy: 0.65
Train AUC: 0.955
AUC: 0.7877492877492877
FPR: 0.23076923076923078
TPR: 0.5925925925925926
F1-score: 0.6956521739130435
