Number of rules: 76
Number of conditions: 158
Accuracy: 0.501453488372093
Train AUC: 0.9834843878468039
AUC: 0.7239928545607338
FPR: 0.991304347826087
TPR: 0.9970845481049563
F1-score: 0.6660175267770205
