Number of rules: 117
Number of conditions: 159
Accuracy: 0.3957987838584853
Train AUC: 0.9953734485031785
AUC: 0.6319906988357938
FPR: 0.6695652173913044
TPR: 0.9246231155778895
F1-score: 0.2518822724161533
