Number of rules: 4244
Number of conditions: 324
Accuracy: 0.7775218793182865
Train AUC: 0.9725286779916003
AUC: 0.8484083195857172
FPR: 0.20844273884063824
TPR: 0.7330345710627401
F1-score: 0.6124632254613533
