Accuracy: 0.5450581395348837
Train AUC: 0.9418049155145931
AUC: 0.5991633920649004
FPR: 0.06956521739130435
TPR: 0.15743440233236153
F1-score: 0.25653206650831356
