Number of rules: 22
Number of conditions: 43
Accuracy: 0.7419354838709677
Train AUC: 0.7280701754385964
AUC: 0.7331932773109243
FPR: 0.17647058823529413
TPR: 0.6428571428571429
F1-score: 0.6923076923076924
