Number of rules: 72
Number of conditions: 246
Accuracy: 0.7905569007263923
Train AUC: 0.9480748333284384
AUC: 0.877216124947235
FPR: 0.08980582524271845
TPR: 0.6714975845410628
F1-score: 0.7626886145404665
