Accuracy: 0.6066666666666667
Train AUC: 0.9580806549423893
AUC: 0.7315554511278195
FPR: 0.4732142857142857
TPR: 0.8421052631578947
F1-score: 0.5203252032520325
