Number of rules: 7
Number of conditions: 34
Accuracy: 0.5839375348577802
Train AUC: 0.9807562640472821
AUC: 0.6114184683875347
FPR: 0.7267373380447585
TPR: 0.8633474576271186
F1-score: 0.686026936026936
