Number of rules: 9
Number of conditions: 26
Accuracy: 0.2929525564256103
Train AUC: 0.9311802273381782
AUC: 0.7661056587592984
FPR: 0.9293072106645123
TPR: 0.9974391805377721
F1-score: 0.4035746664939774
