Number of rules: 173
Number of conditions: 195
Accuracy: 0.625
Train AUC: 0.680306905370844
AUC: 0.8213166144200627
FPR: 0.18181818181818182
TPR: 0.5517241379310345
F1-score: 0.6808510638297872
