Number of rules: 108
Number of conditions: 288
Accuracy: 0.6105274798186443
Train AUC: 0.9284174161176038
AUC: 0.6509298191023395
FPR: 0.38686222890811084
TPR: 0.5909943714821764
F1-score: 0.26348808030112925
