Accuracy: 0.48534778281543733
Train AUC: 0.9806931089743589
AUC: 0.5801561054636206
FPR: 0.5411808950733359
TPR: 0.6838649155722326
F1-score: 0.23854712041884818
