Accuracy: 0.7272727272727273
Train AUC: 0.9939838492597577
AUC: 0.7829215333932315
FPR: 0.357311320754717
TPR: 0.8031746031746032
F1-score: 0.7563527653213752
