Number of rules: 18
Number of conditions: 38
Accuracy: 0.6129032258064516
Train AUC: 0.7807017543859649
AUC: 0.6901709401709402
FPR: 0.3888888888888889
TPR: 0.6153846153846154
F1-score: 0.5714285714285715
