Number of rules: 19
Number of conditions: 32
Accuracy: 0.6168831168831169
Train AUC: 0.8910755799574616
AUC: 0.6764820213799807
FPR: 0.42857142857142855
TPR: 0.7142857142857143
F1-score: 0.5426356589147286
