Accuracy: 0.7466666666666667
Train AUC: 0.9146550117734749
AUC: 0.5580357142857144
FPR: 0.0
TPR: 0.0
F1-score: 0.0
