Number of rules: 8
Number of conditions: 25
Accuracy: 0.5
Train AUC: 0.8009259259259259
AUC: 0.577639751552795
FPR: 0.4782608695652174
TPR: 0.42857142857142855
F1-score: 0.2857142857142857
