Accuracy: 0.49054517306203693
Train AUC: 0.9786566214523953
AUC: 0.6004199808972371
FPR: 0.5366679202707785
TPR: 0.6941838649155723
F1-score: 0.24314112042056843
