Number of rules: 201
Number of conditions: 401
Accuracy: 0.7666922486569455
Train AUC: 0.9431639145584002
AUC: 0.7655777093824586
FPR: 0.23225152129817445
TPR: 0.7634069400630915
F1-score: 0.6142131979695432
