Accuracy: 0.5405405405405406
Train AUC: 0.9666666666666666
AUC: 0.5852941176470587
FPR: 0.3
TPR: 0.35294117647058826
F1-score: 0.41379310344827586
