Number of rules: 44
Number of conditions: 148
Accuracy: 0.8378378378378378
Train AUC: 0.9821428571428572
AUC: 0.9464285714285714
FPR: 0.1875
TPR: 0.8571428571428571
F1-score: 0.8571428571428571
