Number of rules: 447
Number of conditions: 372
Accuracy: 0.6486486486486487
Train AUC: 1.0
AUC: 0.7953216374269005
FPR: 0.3684210526315789
TPR: 0.6666666666666666
F1-score: 0.6486486486486486
