Number of rules: 9754
Number of conditions: 6757
Accuracy: 0.5159792104390136
Train AUC: 0.9515793950696046
AUC: 0.5136609332506379
FPR: 0.48451798921900463
TPR: 0.5196998123827392
F1-score: 0.20200546946216957
