Number of rules: 55
Number of conditions: 109
Accuracy: 0.24673729464148625
Train AUC: 0.8805174470623324
AUC: 0.4954974240514791
FPR: 0.9909109270854373
TPR: 1.0
F1-score: 0.38904109589041097
