Number of rules: 459
Number of conditions: 359
Accuracy: 0.8378378378378378
Train AUC: 0.9553571428571428
AUC: 0.9264705882352942
FPR: 0.25
TPR: 0.9411764705882353
F1-score: 0.8421052631578947
