Number of rules: 79
Number of conditions: 190
Accuracy: 0.5262576008844666
Train AUC: 0.942430419703147
AUC: 0.6791796522420341
FPR: 0.4984247006931317
TPR: 0.7027027027027027
F1-score: 0.2668947818648418
