Accuracy: 0.03333333333333333
Train AUC: 0.9196428571428572
AUC: 0.689655172413793
FPR: 1.0
TPR: 1.0
F1-score: 0.06451612903225806
