Accuracy: 0.3181818181818182
Train AUC: 0.965497435897436
AUC: 0.49397473275024295
FPR: 1.0
TPR: 1.0
F1-score: 0.4827586206896552
