Accuracy: 0.5472154963680388
Train AUC: 0.9526417525773195
AUC: 0.7173139874369636
FPR: 0.14173228346456693
TPR: 0.2808988764044944
F1-score: 0.40064102564102566
