Number of rules: 402
Number of conditions: 327
Accuracy: 0.575
Train AUC: 0.8976982097186701
AUC: 0.6696428571428571
FPR: 0.3333333333333333
TPR: 0.5357142857142857
F1-score: 0.6382978723404255
