Accuracy: 0.5617604777175716
Train AUC: 0.9214923688472297
AUC: 0.49507425311184294
FPR: 0.4150683214240943
TPR: 0.3883677298311445
F1-score: 0.1728240450845335
