Number of rules: 5
Number of conditions: 12
Accuracy: 0.7666666666666667
Train AUC: 0.5714285714285714
AUC: 0.375
FPR: 0.08333333333333333
TPR: 0.16666666666666666
F1-score: 0.2222222222222222
