Number of rules: 89
Number of conditions: 177
Accuracy: 0.8369565217391305
Train AUC: 0.9772816294555424
AUC: 0.8466346153846154
FPR: 0.2
TPR: 0.8653846153846154
F1-score: 0.8571428571428571
