Number of rules: 2938
Number of conditions: 2838
Accuracy: 0.6006692693809258
Train AUC: 0.9721992121751546
AUC: 0.6976669528537833
FPR: 0.6068660022148394
TPR: 0.8112359550561797
F1-score: 0.6685185185185185
