Number of rules: 8
Number of conditions: 24
Accuracy: 0.6770775237032906
Train AUC: 0.8481881725260028
AUC: 0.7535442682022466
FPR: 0.35738068812430634
TPR: 0.7118834080717489
F1-score: 0.6868577609518659
