Number of rules: 120
Number of conditions: 377
Accuracy: 0.4282870728740462
Train AUC: 0.9888992217070298
AUC: 0.6193952077513658
FPR: 0.622289081108186
TPR: 0.8067542213883677
F1-score: 0.24963715529753266
