Number of rules: 14
Number of conditions: 71
Accuracy: 0.6753246753246753
Train AUC: 0.9085243538255585
AUC: 0.7245869776482021
FPR: 0.3047619047619048
TPR: 0.6326530612244898
F1-score: 0.5535714285714285
