Number of rules: 2964
Number of conditions: 2864
Accuracy: 0.6101505856107083
Train AUC: 0.966230308050677
AUC: 0.6903179962468307
FPR: 0.6136631330977621
TPR: 0.8114406779661016
F1-score: 0.6866875840430301
