Number of rules: 72
Number of conditions: 112
Accuracy: 0.6216216216216216
Train AUC: 0.9650349650349651
AUC: 0.7017543859649122
FPR: 0.7222222222222222
TPR: 0.9473684210526315
F1-score: 0.72
