Number of rules: 31
Number of conditions: 61
Accuracy: 0.7466666666666667
Train AUC: 0.8934513521534942
AUC: 0.5744830827067668
FPR: 0.0
TPR: 0.0
F1-score: 0.0
