Number of rules: 8193
Number of conditions: 3728
Accuracy: 0.7645692801061594
Train AUC: 0.9728753860010293
AUC: 0.8832418884405235
FPR: 0.24821361414065438
TPR: 0.8602251407129456
F1-score: 0.4627807216754984
