Number of rules: 9
Number of conditions: 22
Accuracy: 0.6285554935861685
Train AUC: 0.7953058035255308
AUC: 0.705689395300553
FPR: 0.6054181389870436
TPR: 0.8389830508474576
F1-score: 0.7040000000000001
