Number of rules: 173
Number of conditions: 179
Accuracy: 0.675
Train AUC: 0.8542199488491049
AUC: 0.8181818181818182
FPR: 0.2727272727272727
TPR: 0.6551724137931034
F1-score: 0.7450980392156864
