Accuracy: 0.795088257866462
Train AUC: 1.0
AUC: 0.7628988772344512
FPR: 0.17063081695966908
TPR: 0.6964285714285714
F1-score: 0.636734693877551
