Number of rules: 200
Number of conditions: 399
Accuracy: 0.40196837332743557
Train AUC: 0.8252163108827772
AUC: 0.45889707298727744
FPR: 0.6226651623417325
TPR: 0.5863039399624765
F1-score: 0.18774406728747375
