Accuracy: 0.5666666666666667
Train AUC: 1.0
AUC: 0.6875
FPR: 0.5416666666666666
TPR: 1.0
F1-score: 0.4799999999999999
