Number of rules: 7
Number of conditions: 35
Accuracy: 0.64
Train AUC: 0.8599485172893234
AUC: 0.7290883458646615
FPR: 0.4107142857142857
TPR: 0.7894736842105263
F1-score: 0.5263157894736843
