Number of rules: 270
Number of conditions: 187
Accuracy: 0.24382005220328573
Train AUC: 0.8210060642210956
AUC: 0.6414539827052878
FPR: 0.9945465562512624
TPR: 0.9993597951344431
F1-score: 0.38797067230023613
