Accuracy: 0.7367540435025097
Train AUC: 0.9901897071076076
AUC: 0.7937792492283183
FPR: 0.3443181818181818
TPR: 0.8148959474260679
F1-score: 0.7591836734693878
