Number of rules: 349
Number of conditions: 249
Accuracy: 0.2903225806451613
Train AUC: 0.43333333333333335
AUC: 0.5505050505050505
FPR: 1.0
TPR: 1.0
F1-score: 0.45000000000000007
