Number of rules: 347
Number of conditions: 272
Accuracy: 0.12880044223327805
Train AUC: 0.9272676711497623
AUC: 0.5029712822634295
FPR: 0.9955780164245104
TPR: 1.0
F1-score: 0.22287968441814593
