Number of rules: 9
Number of conditions: 23
Accuracy: 0.7077523703290575
Train AUC: 0.8922220085880921
AUC: 0.7683463112708395
FPR: 0.4044811320754717
TPR: 0.8084656084656084
F1-score: 0.7446393762183237
