Number of rules: 27
Number of conditions: 94
Accuracy: 0.6774193548387096
Train AUC: 0.9298245614035088
AUC: 0.7285714285714285
FPR: 0.3333333333333333
TPR: 0.7
F1-score: 0.5833333333333334
