Number of rules: 24
Number of conditions: 47
Accuracy: 0.12824765063571034
Train AUC: 0.725882293457377
AUC: 0.5006069738621001
FPR: 0.9943217665615142
TPR: 0.9955357142857143
F1-score: 0.22046465645081562
