Accuracy: 0.4
Train AUC: 0.9861111111111112
AUC: 0.4952153110047847
FPR: 0.7894736842105263
TPR: 0.7272727272727273
F1-score: 0.4705882352941176
