Accuracy: 0.7027027027027027
Train AUC: 0.9824561403508771
AUC: 0.860248447204969
FPR: 0.2857142857142857
TPR: 0.6956521739130435
F1-score: 0.7441860465116279
