Number of rules: 635
Number of conditions: 535
Accuracy: 0.2356101304681504
Train AUC: 0.9830246913580247
AUC: 0.6128716449292027
FPR: 0.9979959919839679
TPR: 1.0
F1-score: 0.37982565379825656
