Number of rules: 8
Number of conditions: 38
Accuracy: 0.5945343000557725
Train AUC: 0.8187239117471676
AUC: 0.6952430724053406
FPR: 0.6910299003322259
TPR: 0.8842696629213483
F1-score: 0.6840504128639722
