Number of rules: 12
Number of conditions: 56
Accuracy: 0.6774193548387096
Train AUC: 0.7521929824561404
AUC: 0.6636363636363637
FPR: 0.35
TPR: 0.7272727272727273
F1-score: 0.6153846153846153
