Number of rules: 173
Number of conditions: 256
Accuracy: 0.7
Train AUC: 0.9672835663665965
AUC: 0.6118261291889268
FPR: 0.896551724137931
TPR: 0.9436619718309859
F1-score: 0.8170731707317074
