Number of rules: 154
Number of conditions: 307
Accuracy: 0.8478260869565217
Train AUC: 0.9572165490622899
AUC: 0.8538461538461538
FPR: 0.2
TPR: 0.8846153846153846
F1-score: 0.8679245283018868
