Number of rules: 17
Number of conditions: 57
Accuracy: 0.7818209734377399
Train AUC: 0.9660737937559131
AUC: 0.8411793450333112
FPR: 0.19188042819632398
TPR: 0.6984635083226632
F1-score: 0.6056064390785456
