Number of rules: 442
Number of conditions: 883
Accuracy: 0.5677169707020453
Train AUC: 0.9168859396132123
AUC: 0.6115777629097987
FPR: 0.4451371571072319
TPR: 0.6682926829268293
F1-score: 0.259469696969697
