Number of rules: 270
Number of conditions: 195
Accuracy: 0.7027027027027027
Train AUC: 0.9733333333333334
AUC: 0.8030303030303031
FPR: 0.22727272727272727
TPR: 0.6
F1-score: 0.6206896551724138
