Number of rules: 4576
Number of conditions: 1579
Accuracy: 0.24550898203592814
Train AUC: 0.9813617344998098
AUC: 0.6882147995296286
FPR: 0.9925267622702484
TPR: 1.0
F1-score: 0.38865389400348344
