Number of rules: 237
Number of conditions: 305
Accuracy: 0.40472900353139873
Train AUC: 0.893365747382964
AUC: 0.7379781526048748
FPR: 0.7731771359321349
TPR: 0.9686299615877081
F1-score: 0.43836013327538753
