Number of rules: 196
Number of conditions: 391
Accuracy: 0.61
Train AUC: 0.8922858666666666
AUC: 0.6603933948518699
FPR: 0.39655172413793105
TPR: 0.6126760563380281
F1-score: 0.6904761904761905
