Number of rules: 6
Number of conditions: 25
Accuracy: 0.7333333333333333
Train AUC: 0.8619909502262444
AUC: 0.7795031055900621
FPR: 0.30434782608695654
TPR: 0.8571428571428571
F1-score: 0.6
