Number of rules: 7
Number of conditions: 20
Accuracy: 0.6971556051310652
Train AUC: 0.8401041354734384
AUC: 0.7597058566815047
FPR: 0.2795321637426901
TPR: 0.67590618336887
F1-score: 0.7001656543346219
