Number of rules: 27
Number of conditions: 46
Accuracy: 0.65
Train AUC: 0.9139309056956116
AUC: 0.6888052452646916
FPR: 0.39655172413793105
TPR: 0.6690140845070423
F1-score: 0.7307692307692308
