Accuracy: 0.657608695652174
Train AUC: 0.999940986702337
AUC: 0.6308894230769231
FPR: 0.55
TPR: 0.8173076923076923
F1-score: 0.7296137339055793
