Accuracy: 0.7870413020113619
Train AUC: 0.9113476819828722
AUC: 0.8137738311767745
FPR: 0.14199151686527975
TPR: 0.5620998719590269
F1-score: 0.5587018771874005
