Number of rules: 8069
Number of conditions: 3604
Accuracy: 0.6066666666666667
Train AUC: 0.9720483410684101
AUC: 0.746828007518797
FPR: 0.4732142857142857
TPR: 0.8421052631578947
F1-score: 0.5203252032520325
