Number of rules: 1805
Number of conditions: 1705
Accuracy: 0.7429009976976209
Train AUC: 0.9978929960107055
AUC: 0.8271164377412694
FPR: 0.26038500506585616
TPR: 0.7531645569620253
F1-score: 0.5869297163995068
