Accuracy: 0.5933333333333334
Train AUC: 0.9564893612441941
AUC: 0.7317904135338347
FPR: 0.5
TPR: 0.868421052631579
F1-score: 0.5196850393700788
