Number of rules: 16
Number of conditions: 56
Accuracy: 0.6451612903225806
Train AUC: 0.8421052631578947
AUC: 0.7247474747474748
FPR: 0.4090909090909091
TPR: 0.7777777777777778
F1-score: 0.56
