Number of rules: 7
Number of conditions: 26
Accuracy: 0.6
Train AUC: 0.918918918918919
AUC: 0.6546666666666666
FPR: 1.0
TPR: 0.96
F1-score: 0.7500000000000001
