Number of rules: 8
Number of conditions: 27
Accuracy: 0.5866666666666667
Train AUC: 0.867888816785637
AUC: 0.70218515037594
FPR: 0.48214285714285715
TPR: 0.7894736842105263
F1-score: 0.4918032786885246
