Accuracy: 0.7722498618021006
Train AUC: 0.9800493907636765
AUC: 0.8985972103072474
FPR: 0.24535315985130113
TPR: 0.9179487179487179
F1-score: 0.464935064935065
