Number of rules: 1443
Number of conditions: 251
Accuracy: 0.7766472868217055
Train AUC: 0.9932196424902404
AUC: 0.8437661676126627
FPR: 0.09033816425120773
TPR: 0.6428571428571429
F1-score: 0.7415919282511211
