Accuracy: 0.7533333333333333
Train AUC: 0.9869088843694461
AUC: 0.7838345864661654
FPR: 0.23214285714285715
TPR: 0.7105263157894737
F1-score: 0.5934065934065935
