Number of rules: 54
Number of conditions: 107
Accuracy: 0.7759205426356589
Train AUC: 0.9793160871213994
AUC: 0.807650948578189
FPR: 0.09516908212560386
TPR: 0.6462585034013606
F1-score: 0.7419804741980475
