Number of rules: 74
Number of conditions: 225
Accuracy: 0.5764679862877363
Train AUC: 0.9301401007493384
AUC: 0.6559977430422033
FPR: 0.4327441394007772
TPR: 0.6454033771106942
F1-score: 0.2643104110641567
