Number of rules: 20
Number of conditions: 62
Accuracy: 0.8019953952417498
Train AUC: 0.9882410519386022
AUC: 0.8631227597969328
FPR: 0.1643426294820717
TPR: 0.6889632107023411
F1-score: 0.6149253731343284
