Number of rules: 111
Number of conditions: 273
Accuracy: 0.11553344389165285
Train AUC: 0.9983820406512287
AUC: 0.5018138558685701
FPR: 0.9962546816479401
TPR: 0.9806763285024155
F1-score: 0.2023928215353938
