Accuracy: 0.657608695652174
Train AUC: 0.9997121444731739
AUC: 0.6242788461538462
FPR: 0.55
TPR: 0.8173076923076923
F1-score: 0.7296137339055793
