Number of rules: 7840
Number of conditions: 3920
Accuracy: 0.5147627999557669
Train AUC: 0.9883895221148142
AUC: 0.6440981470884515
FPR: 0.5057038987087877
TPR: 0.6679174484052532
F1-score: 0.2450103234686855
