Number of rules: 17
Number of conditions: 38
Accuracy: 0.635
Train AUC: 0.9643319271128756
AUC: 0.7060466245750364
FPR: 0.29310344827586204
TPR: 0.6056338028169014
F1-score: 0.7020408163265306
