Accuracy: 0.3919292426755113
Train AUC: 0.998617197955009
AUC: 0.6317909422890853
FPR: 0.6726708074534161
TPR: 0.914572864321608
F1-score: 0.24863387978142076
