Accuracy: 0.8135072908672295
Train AUC: 0.9900586720256863
AUC: 0.8647720901190203
FPR: 0.1402439024390244
TPR: 0.670846394984326
F1-score: 0.6378539493293591
