Number of rules: 267
Number of conditions: 305
Accuracy: 0.7897160399079048
Train AUC: 0.9893656953443518
AUC: 0.8420617237286224
FPR: 0.16167664670658682
TPR: 0.627906976744186
F1-score: 0.5797546012269938
