Number of rules: 139
Number of conditions: 409
Accuracy: 0.705
Train AUC: 0.971350274040857
AUC: 0.5991986401165615
FPR: 0.8793103448275862
TPR: 0.9436619718309859
F1-score: 0.8195718654434251
