Accuracy: 0.1935483870967742
Train AUC: 0.3
AUC: 0.4066666666666667
FPR: 1.0
TPR: 1.0
F1-score: 0.3243243243243243
