Number of rules: 5797
Number of conditions: 5306
Accuracy: 0.75111557340473
Train AUC: 0.9732638354031448
AUC: 0.8312552782477862
FPR: 0.17587006960556845
TPR: 0.6834980661796304
F1-score: 0.7403700686605378
