Number of rules: 113
Number of conditions: 355
Accuracy: 0.3814262023217247
Train AUC: 0.9984389544177519
AUC: 0.6577140360186023
FPR: 0.677639751552795
TPR: 0.8592964824120602
F1-score: 0.23408624229979466
