Number of rules: 14
Number of conditions: 37
Accuracy: 0.8378378378378378
Train AUC: 0.9851190476190477
AUC: 0.9426470588235294
FPR: 0.25
TPR: 0.9411764705882353
F1-score: 0.8421052631578947
