Accuracy: 0.26
Train AUC: 0.8475063917052867
AUC: 0.4800281954887219
FPR: 0.9642857142857143
TPR: 0.9210526315789473
F1-score: 0.3867403314917127
