Accuracy: 0.3548387096774194
Train AUC: 1.0
AUC: 0.7428571428571429
FPR: 0.9523809523809523
TPR: 1.0
F1-score: 0.5
