Number of rules: 9
Number of conditions: 21
Accuracy: 0.5633017289459007
Train AUC: 0.9841869225006243
AUC: 0.5517357373519914
FPR: 0.7534722222222222
TPR: 0.8579117330462863
F1-score: 0.6705931846865797
