Accuracy: 0.5688789737869493
Train AUC: 0.9973778406726047
AUC: 0.5497201550677486
FPR: 0.7622377622377622
TPR: 0.8727272727272727
F1-score: 0.6785862785862786
