Number of rules: 97
Number of conditions: 215
Accuracy: 0.5472636815920398
Train AUC: 0.9378201650928923
AUC: 0.6870858617562949
FPR: 0.4764595103578154
TPR: 0.7222222222222222
F1-score: 0.27586206896551724
