Number of rules: 5
Number of conditions: 31
Accuracy: 0.709425543781372
Train AUC: 0.8534111666766484
AUC: 0.7756633695435519
FPR: 0.26242774566473986
TPR: 0.6831896551724138
F1-score: 0.7087758524315259
