Number of rules: 786
Number of conditions: 1571
Accuracy: 0.37589828634604755
Train AUC: 0.8215556614639183
AUC: 0.46131439383844575
FPR: 0.6547770700636942
TPR: 0.5774058577405857
F1-score: 0.19644128113879003
