Number of rules: 102
Number of conditions: 350
Accuracy: 0.32172470978441126
Train AUC: 0.9285343606444523
AUC: 0.4916781825216959
FPR: 0.7316455696202532
TPR: 0.6899563318777293
F1-score: 0.20479585223590407
