Number of rules: 1365
Number of conditions: 1265
Accuracy: 0.4007739082365948
Train AUC: 0.9971282985664127
AUC: 0.642549342105263
FPR: 0.661875
TPR: 0.8803827751196173
F1-score: 0.25344352617079896
