Accuracy: 0.25333333333333335
Train AUC: 0.8472819609265688
AUC: 0.5014097744360902
FPR: 1.0
TPR: 1.0
F1-score: 0.4042553191489362
