Number of rules: 18
Number of conditions: 43
Accuracy: 0.6933333333333334
Train AUC: 0.9616267245643928
AUC: 0.7954652255639096
FPR: 0.32142857142857145
TPR: 0.7368421052631579
F1-score: 0.5490196078431372
