Number of rules: 8
Number of conditions: 32
Accuracy: 0.52
Train AUC: 0.9005931879066207
AUC: 0.7012453007518797
FPR: 0.5714285714285714
TPR: 0.7894736842105263
F1-score: 0.4545454545454545
