Number of rules: 74
Number of conditions: 220
Accuracy: 0.7905569007263923
Train AUC: 0.9356544979294547
AUC: 0.8659732375097614
FPR: 0.14219114219114218
TPR: 0.7178841309823678
F1-score: 0.7671601615074025
