Number of rules: 23
Number of conditions: 54
Accuracy: 0.7899585444495624
Train AUC: 0.9479338521211413
AUC: 0.8351813844821375
FPR: 0.146233084225409
TPR: 0.587708066581306
F1-score: 0.5730337078651685
