Number of rules: 5982
Number of conditions: 1441
Accuracy: 0.71
Train AUC: 0.9842882501794009
AUC: 0.6132224380767363
FPR: 0.896551724137931
TPR: 0.9577464788732394
F1-score: 0.8242424242424243
