Number of rules: 9890
Number of conditions: 5668
Accuracy: 0.7541276215975011
Train AUC: 0.9804475639214256
AUC: 0.8357166501983674
FPR: 0.15754060324825986
TPR: 0.6723248818220885
F1-score: 0.7395414795556605
