Accuracy: 0.12437810945273632
Train AUC: 0.9952978056426333
AUC: 0.4727579990986931
FPR: 0.9993690851735015
TPR: 1.0
F1-score: 0.2204724409448819
