Accuracy: 0.725
Train AUC: 0.9874999999999999
AUC: 0.7899686520376177
FPR: 0.0
TPR: 0.6206896551724138
F1-score: 0.7659574468085107
