Number of rules: 16
Number of conditions: 62
Accuracy: 0.3548387096774194
Train AUC: 0.7280701754385965
AUC: 0.4242424242424242
FPR: 0.5454545454545454
TPR: 0.1111111111111111
F1-score: 0.09090909090909093
