Number of rules: 178
Number of conditions: 342
Accuracy: 0.34024259173959776
Train AUC: 0.9008288043478261
AUC: 0.7576298299519673
FPR: 0.8642698444758634
TPR: 0.9884763124199744
F1-score: 0.4181448882870684
