Number of rules: 9
Number of conditions: 27
Accuracy: 0.6676706827309237
Train AUC: 0.8486208882498932
AUC: 0.7555563310556894
FPR: 0.16937354988399073
TPR: 0.5167597765363129
F1-score: 0.6175375529593016
