Number of rules: 35
Number of conditions: 69
Accuracy: 0.2540291634689179
Train AUC: 0.4988425925925926
AUC: 0.5015384615384615
FPR: 0.9969230769230769
TPR: 1.0
F1-score: 0.4029484029484029
