Number of rules: 2
Number of conditions: 3
Accuracy: 0.29
Train AUC: 0.7364729458917836
AUC: 0.46393880524526465
FPR: 0.0
TPR: 0.0
F1-score: 0.0
