Number of rules: 64
Number of conditions: 145
Accuracy: 0.7567567567567568
Train AUC: 0.9298245614035088
AUC: 0.8269230769230769
FPR: 0.15384615384615385
TPR: 0.7083333333333334
F1-score: 0.7906976744186046
