Accuracy: 0.27935533384497313
Train AUC: 1.0
AUC: 0.5233502538071066
FPR: 0.9532994923857868
TPR: 1.0
F1-score: 0.4038095238095238
