Number of rules: 3953
Number of conditions: 960
Accuracy: 0.7313468992248062
Train AUC: 0.9993909731631
AUC: 0.6948977244451957
FPR: 0.4429951690821256
TPR: 0.9067055393586005
F1-score: 0.770915100185912
