Number of rules: 2805
Number of conditions: 2705
Accuracy: 0.7529280535415505
Train AUC: 0.9925703968776827
AUC: 0.8211555006920286
FPR: 0.19298245614035087
TPR: 0.7036247334754797
F1-score: 0.7487237663074304
