Number of rules: 7
Number of conditions: 21
Accuracy: 0.705
Train AUC: 0.9645661750622485
AUC: 0.608729966002914
FPR: 0.896551724137931
TPR: 0.9507042253521126
F1-score: 0.8206686930091185
