Number of rules: 199
Number of conditions: 397
Accuracy: 0.4141324781599027
Train AUC: 0.8027233782129742
AUC: 0.5002020348840628
FPR: 0.6086247962893319
TPR: 0.5844277673545967
F1-score: 0.1904034229828851
