Accuracy: 0.5815217391304348
Train AUC: 0.9998305630390213
AUC: 0.6027644230769231
FPR: 0.275
TPR: 0.47115384615384615
F1-score: 0.5599999999999999
