Accuracy: 0.8188795088257866
Train AUC: 1.0
AUC: 0.7653466584586972
FPR: 0.13069908814589665
TPR: 0.6613924050632911
F1-score: 0.6391437308868502
