Number of rules: 269
Number of conditions: 314
Accuracy: 0.7996930161166539
Train AUC: 0.9621173256008476
AUC: 0.8579350636912173
FPR: 0.16548223350253807
TPR: 0.6918238993710691
F1-score: 0.6276747503566332
