Number of rules: 45
Number of conditions: 93
Accuracy: 0.1205085682697623
Train AUC: 0.9980786732733341
AUC: 0.5250999656226818
FPR: 0.9893882646691635
TPR: 0.9710144927536232
F1-score: 0.2017059708981435
