Number of rules: 23
Number of conditions: 48
Accuracy: 0.7012987012987013
Train AUC: 0.946013659959602
AUC: 0.7529640427599612
FPR: 0.2857142857142857
TPR: 0.673469387755102
F1-score: 0.5892857142857143
