Number of rules: 22
Number of conditions: 52
Accuracy: 0.7384272169548243
Train AUC: 0.9831814394667692
AUC: 0.8102281841965203
FPR: 0.3301549463647199
TPR: 0.7987421383647799
F1-score: 0.7646763672854993
