Number of rules: 26
Number of conditions: 90
Accuracy: 0.6774193548387096
Train AUC: 0.8771929824561404
AUC: 0.7
FPR: 0.45
TPR: 0.9090909090909091
F1-score: 0.6666666666666666
