Accuracy: 0.7331548415885766
Train AUC: 0.9514236112556671
AUC: 0.8280617825446662
FPR: 0.11438515081206496
TPR: 0.5919639020197679
F1-score: 0.6972918248544672
