Number of rules: 307
Number of conditions: 232
Accuracy: 0.675
Train AUC: 0.8378378378378379
AUC: 0.543956043956044
FPR: 0.8571428571428571
TPR: 0.9615384615384616
F1-score: 0.7936507936507937
