Number of rules: 47
Number of conditions: 93
Accuracy: 0.25333333333333335
Train AUC: 0.7859823023055159
AUC: 0.45359492481203006
FPR: 1.0
TPR: 1.0
F1-score: 0.4042553191489362
