Accuracy: 0.7419354838709677
Train AUC: 0.8728070175438597
AUC: 0.8592436974789915
FPR: 0.17647058823529413
TPR: 0.6428571428571429
F1-score: 0.6923076923076924
