Accuracy: 0.7533333333333333
Train AUC: 0.9862899058402806
AUC: 0.7817199248120301
FPR: 0.23214285714285715
TPR: 0.7105263157894737
F1-score: 0.5934065934065935
