Number of rules: 63
Number of conditions: 233
Accuracy: 0.918918918918919
Train AUC: 0.888888888888889
AUC: 0.9727272727272728
FPR: 0.06666666666666667
TPR: 0.9090909090909091
F1-score: 0.9302325581395349
