Number of rules: 8
Number of conditions: 31
Accuracy: 0.43333333333333335
Train AUC: 0.9642857142857143
AUC: 0.896551724137931
FPR: 0.5862068965517241
TPR: 1.0
F1-score: 0.10526315789473684
