Number of rules: 5336
Number of conditions: 774
Accuracy: 0.7311046511627907
Train AUC: 0.998589010989011
AUC: 0.7330726562536677
FPR: 0.4429951690821256
TPR: 0.9062196307094267
F1-score: 0.7706611570247935
