Number of rules: 739
Number of conditions: 639
Accuracy: 0.8111380145278451
Train AUC: 0.9910863755176365
AUC: 0.8794161338241943
FPR: 0.18181818181818182
TPR: 0.8035264483627204
F1-score: 0.8035264483627204
