Number of rules: 153
Number of conditions: 319
Accuracy: 0.24857976354982342
Train AUC: 0.9066433973240257
AUC: 0.6592888799350148
FPR: 0.9878812361139164
TPR: 0.9980793854033291
F1-score: 0.3891662506240639
