Number of rules: 2398
Number of conditions: 2298
Accuracy: 0.7761194029850746
Train AUC: 0.9839403410831982
AUC: 0.8922572492974008
FPR: 0.2436548223350254
TPR: 0.9098712446351931
F1-score: 0.51145958986731
