Number of rules: 20
Number of conditions: 47
Accuracy: 0.7401003904071388
Train AUC: 0.9714580529385375
AUC: 0.8128733944040625
FPR: 0.35909090909090907
TPR: 0.8357064622124863
F1-score: 0.7660642570281124
