Number of rules: 7
Number of conditions: 12
Accuracy: 0.657608695652174
Train AUC: 0.9908382936507936
AUC: 0.5609375000000001
FPR: 0.575
TPR: 0.8365384615384616
F1-score: 0.7341772151898734
