Number of rules: 9
Number of conditions: 30
Accuracy: 0.3181818181818182
Train AUC: 0.7337626786537575
AUC: 0.5692905733722061
FPR: 1.0
TPR: 1.0
F1-score: 0.4827586206896552
