Accuracy: 0.7723015507446646
Train AUC: 0.9454764157318557
AUC: 0.8215237884404165
FPR: 0.21551201777418702
TPR: 0.7336747759282971
F1-score: 0.6071523178807947
