Number of rules: 125
Number of conditions: 325
Accuracy: 0.675
Train AUC: 0.8235294117647058
AUC: 0.6236263736263736
FPR: 0.42857142857142855
TPR: 0.7307692307692307
F1-score: 0.7450980392156863
