Number of rules: 269
Number of conditions: 298
Accuracy: 0.23100537221795855
Train AUC: 0.8555996472663141
AUC: 0.5019375207710203
FPR: 0.9980059820538385
TPR: 0.9966666666666667
F1-score: 0.37374999999999997
