Number of rules: 195
Number of conditions: 389
Accuracy: 0.29700690713737526
Train AUC: 0.8390947148090006
AUC: 0.5417520440845882
FPR: 0.9131736526946108
TPR: 0.9966777408637874
F1-score: 0.39577836411609496
