Accuracy: 0.7300242130750605
Train AUC: 1.0
AUC: 0.7454856714037803
FPR: 0.4441747572815534
TPR: 0.9033816425120773
F1-score: 0.7703398558187435
