Number of rules: 31
Number of conditions: 104
Accuracy: 0.7608695652173914
Train AUC: 0.997068671679198
AUC: 0.8426682692307693
FPR: 0.25
TPR: 0.7692307692307693
F1-score: 0.7843137254901961
