Accuracy: 0.6073205794537211
Train AUC: 0.905649825127355
AUC: 0.5179902773946015
FPR: 0.3582800551585809
TPR: 0.349906191369606
F1-score: 0.17360949499650918
