Number of rules: 264
Number of conditions: 527
Accuracy: 0.5755716675962075
Train AUC: 0.9559061017231333
AUC: 0.5707963610568367
FPR: 0.7463193657984145
TPR: 0.8879120879120879
F1-score: 0.6798485485906606
