Number of rules: 171
Number of conditions: 341
Accuracy: 0.7716465774632312
Train AUC: 0.9336020202020202
AUC: 0.8254448001418713
FPR: 0.2325435627428858
TPR: 0.8030018761726079
F1-score: 0.4532697908392904
