Number of rules: 1986
Number of conditions: 1886
Accuracy: 0.5694366982710541
Train AUC: 0.9975588945309248
AUC: 0.5763502671131842
FPR: 0.75
TPR: 0.8665231431646933
F1-score: 0.675902602854744
