Number of rules: 2268
Number of conditions: 2168
Accuracy: 0.7356385945343
Train AUC: 0.9944747804909313
AUC: 0.7896950184686033
FPR: 0.3443396226415094
TPR: 0.8074074074074075
F1-score: 0.763
