Accuracy: 0.6103896103896104
Train AUC: 0.9103157304373319
AUC: 0.6950437317784256
FPR: 0.4380952380952381
TPR: 0.7142857142857143
F1-score: 0.5384615384615384
