Number of rules: 101
Number of conditions: 294
Accuracy: 0.6122968041579122
Train AUC: 0.8969411985891259
AUC: 0.47185100174258027
FPR: 0.3500062680205591
TPR: 0.3302063789868668
F1-score: 0.1672209026128266
