Number of rules: 216
Number of conditions: 431
Accuracy: 0.7230031236055332
Train AUC: 0.8994539177738257
AUC: 0.7581018299255088
FPR: 0.19396751740139212
TPR: 0.6461108723678556
F1-score: 0.7077792161939508
