Number of rules: 8449
Number of conditions: 5116
Accuracy: 0.7406291834002677
Train AUC: 0.9828462157809984
AUC: 0.8098765425944002
FPR: 0.26102088167053367
TPR: 0.7421572840567254
F1-score: 0.7481858550850211
