Accuracy: 0.8478260869565217
Train AUC: 0.9901040470755612
AUC: 0.8617187499999999
FPR: 0.2
TPR: 0.8846153846153846
F1-score: 0.8679245283018868
