Accuracy: 0.5733407696597881
Train AUC: 0.9973861649879298
AUC: 0.5692570771196422
FPR: 0.7573616018845701
TPR: 0.8707627118644068
F1-score: 0.6824408468244085
