Accuracy: 0.7520080321285141
Train AUC: 0.9611694727291058
AUC: 0.8101902711735633
FPR: 0.28236658932714614
TPR: 0.7838418564675548
F1-score: 0.7664670658682634
