Number of rules: 116
Number of conditions: 331
Accuracy: 0.794914317302377
Train AUC: 0.939777671920529
AUC: 0.8558201346375895
FPR: 0.19543147208121828
TPR: 0.7296137339055794
F1-score: 0.4781997187060478
