Number of rules: 21
Number of conditions: 51
Accuracy: 0.7562744004461796
Train AUC: 0.9659020582539777
AUC: 0.8247577899973816
FPR: 0.2046783625730994
TPR: 0.720682302771855
F1-score: 0.7557294577976523
