Number of rules: 19
Number of conditions: 62
Accuracy: 0.8081350729086723
Train AUC: 0.9737495120727152
AUC: 0.8813226985709538
FPR: 0.16849451645064806
TPR: 0.73
F1-score: 0.6366279069767442
