Number of rules: 106
Number of conditions: 267
Accuracy: 0.595598805706071
Train AUC: 0.9174162652514353
AUC: 0.6296622959865146
FPR: 0.4032844427729723
TPR: 0.5872420262664165
F1-score: 0.2550417600325932
