Number of rules: 14
Number of conditions: 64
Accuracy: 0.75
Train AUC: 0.9514066496163682
AUC: 0.9012539184952978
FPR: 0.18181818181818182
TPR: 0.7241379310344828
F1-score: 0.8076923076923076
