Number of rules: 9
Number of conditions: 17
Accuracy: 0.7837837837837838
Train AUC: 0.9195906432748538
AUC: 0.796969696969697
FPR: 0.13333333333333333
TPR: 0.7272727272727273
F1-score: 0.7999999999999999
