Number of rules: 160
Number of conditions: 319
Accuracy: 0.6
Train AUC: 0.9258022771054373
AUC: 0.699953007518797
FPR: 0.4642857142857143
TPR: 0.7894736842105263
F1-score: 0.4999999999999999
