Accuracy: 0.5835351089588378
Train AUC: 0.9531678193918831
AUC: 0.7283249195264815
FPR: 0.13447432762836187
TPR: 0.3069544364508393
F1-score: 0.42666666666666664
