Number of rules: 16
Number of conditions: 34
Accuracy: 0.5666666666666667
Train AUC: 0.9683257918552036
AUC: 0.5846560846560847
FPR: 0.42857142857142855
TPR: 0.5555555555555556
F1-score: 0.43478260869565216
