Accuracy: 0.8035368217054264
Train AUC: 0.9890588178713992
AUC: 0.8720292671934199
FPR: 0.20193236714975846
TPR: 0.8090379008746356
F1-score: 0.8041535860903164
