Number of rules: 233
Number of conditions: 231
Accuracy: 0.7989255564082886
Train AUC: 0.9623278313723302
AUC: 0.8585448392554992
FPR: 0.17969543147208122
TPR: 0.7327044025157232
F1-score: 0.6401098901098901
