Number of rules: 92
Number of conditions: 206
Accuracy: 0.12871834568174279
Train AUC: 0.9366294334920563
AUC: 0.5250176339527737
FPR: 0.98658643600351
TPR: 0.9915572232645403
F1-score: 0.21154808365856104
