Number of rules: 115
Number of conditions: 229
Accuracy: 0.8532608695652174
Train AUC: 0.9714542638980002
AUC: 0.8535456730769231
FPR: 0.2
TPR: 0.8942307692307693
F1-score: 0.8732394366197184
