Accuracy: 0.6062465142219744
Train AUC: 0.9670314983065584
AUC: 0.6744606066958135
FPR: 0.6101295641931684
TPR: 0.8008474576271186
F1-score: 0.6816952209197475
