Number of rules: 114
Number of conditions: 276
Accuracy: 0.560530679933665
Train AUC: 0.937520710247983
AUC: 0.6882134802724884
FPR: 0.4613935969868173
TPR: 0.7222222222222222
F1-score: 0.2818428184281843
