Number of rules: 111
Number of conditions: 221
Accuracy: 0.731613695685552
Train AUC: 0.9068200338494327
AUC: 0.7763886988776825
FPR: 0.273480105029287
TPR: 0.7477592829705506
F1-score: 0.5719882468168462
