Number of rules: 107
Number of conditions: 336
Accuracy: 0.1189870618157691
Train AUC: 0.9842158859470468
AUC: 0.4379335429886252
FPR: 0.9987463958881785
TPR: 1.0
F1-score: 0.21111001089216755
