Number of rules: 2620
Number of conditions: 2520
Accuracy: 0.36318407960199006
Train AUC: 0.9700736063121383
AUC: 0.4545596502186134
FPR: 0.6708307307932542
TPR: 0.625
F1-score: 0.1841359773371105
