Number of rules: 11
Number of conditions: 32
Accuracy: 0.7567567567567568
Train AUC: 0.9970760233918129
AUC: 0.890909090909091
FPR: 0.13333333333333333
TPR: 0.6818181818181818
F1-score: 0.7692307692307693
