Number of rules: 16
Number of conditions: 32
Accuracy: 0.5483870967741935
Train AUC: 0.26666666666666666
AUC: 0.6533333333333333
FPR: 0.52
TPR: 0.8333333333333334
F1-score: 0.4166666666666667
