Accuracy: 0.7515205131040584
Train AUC: 0.9641957029179865
AUC: 0.8645703019069131
FPR: 0.26438510718315156
TPR: 0.8705440900562852
F1-score: 0.4523519376066293
