Accuracy: 0.27321565617805066
Train AUC: 0.9732443746729461
AUC: 0.6743243331632719
FPR: 0.9508032128514057
TPR: 1.0
F1-score: 0.3933376040999359
