Number of rules: 18
Number of conditions: 63
Accuracy: 0.7996930161166539
Train AUC: 0.9895577076331381
AUC: 0.8500665825623773
FPR: 0.15955284552845528
TPR: 0.6739811912225705
F1-score: 0.622286541244573
