Number of rules: 98
Number of conditions: 208
Accuracy: 0.38916528468767275
Train AUC: 0.9979509066371668
AUC: 0.6454091491880816
FPR: 0.6699875466998755
TPR: 0.8571428571428571
F1-score: 0.23950447350309703
