Number of rules: 14850
Number of conditions: 10524
Accuracy: 0.7308624031007752
Train AUC: 0.9989524549724598
AUC: 0.6899372309310198
FPR: 0.4429951690821256
TPR: 0.9057337220602527
F1-score: 0.770407108906799
