Number of rules: 91
Number of conditions: 290
Accuracy: 0.66
Train AUC: 0.9591553480475382
AUC: 0.6881981544439048
FPR: 0.3448275862068966
TPR: 0.6619718309859155
F1-score: 0.734375
