Number of rules: 980
Number of conditions: 880
Accuracy: 0.65
Train AUC: 0.9590792838874681
AUC: 0.6868131868131868
FPR: 0.42857142857142855
TPR: 0.6923076923076923
F1-score: 0.7199999999999999
