Number of rules: 5
Number of conditions: 24
Accuracy: 0.5161290322580645
Train AUC: 0.6140350877192982
AUC: 0.7071428571428572
FPR: 0.6666666666666666
TPR: 0.9
F1-score: 0.5454545454545454
