Number of rules: 81
Number of conditions: 161
Accuracy: 0.615
Train AUC: 0.980272789381222
AUC: 0.6555973773676542
FPR: 0.27586206896551724
TPR: 0.5704225352112676
F1-score: 0.6778242677824268
