Number of rules: 59
Number of conditions: 153
Accuracy: 0.562953995157385
Train AUC: 0.9340336682761321
AUC: 0.730180034655937
FPR: 0.14936708860759493
TPR: 0.29930394431554525
F1-score: 0.4168012924071082
