Number of rules: 56
Number of conditions: 117
Accuracy: 0.5883777239709443
Train AUC: 0.9518587694114576
AUC: 0.7266285211267606
FPR: 0.14553990610328638
TPR: 0.305
F1-score: 0.41780821917808214
