Number of rules: 478
Number of conditions: 955
Accuracy: 0.7339654210819855
Train AUC: 0.9425431006857655
AUC: 0.7324685104052573
FPR: 0.3488636363636364
TPR: 0.8138006571741512
F1-score: 0.7570045848191543
