Number of rules: 93
Number of conditions: 185
Accuracy: 0.7012987012987013
Train AUC: 0.9281836390470166
AUC: 0.7118561710398443
FPR: 0.24761904761904763
TPR: 0.5918367346938775
F1-score: 0.5576923076923076
