Number of rules: 31
Number of conditions: 89
Accuracy: 0.5869565217391305
Train AUC: 0.9981390131671193
AUC: 0.5833533653846155
FPR: 0.2625
TPR: 0.47115384615384615
F1-score: 0.5632183908045978
