Accuracy: 0.23333333333333334
Train AUC: 0.7708333333333334
AUC: 0.4444444444444444
FPR: 0.8148148148148148
TPR: 0.6666666666666666
F1-score: 0.14814814814814814
