Number of rules: 206
Number of conditions: 411
Accuracy: 0.605
Train AUC: 0.8902945580391946
AUC: 0.6321029626032055
FPR: 0.3620689655172414
TPR: 0.5915492957746479
F1-score: 0.6801619433198381
