Number of rules: 19
Number of conditions: 67
Accuracy: 0.7904834996162702
Train AUC: 0.9885153552082971
AUC: 0.8491671142764305
FPR: 0.17265469061876249
TPR: 0.6677740863787376
F1-score: 0.5955555555555555
