Number of rules: 15
Number of conditions: 36
Accuracy: 0.8648648648648649
Train AUC: 0.9642857142857143
AUC: 0.888235294117647
FPR: 0.17647058823529413
TPR: 0.9
F1-score: 0.8780487804878048
