Accuracy: 0.8025678294573644
Train AUC: 0.9815730337078651
AUC: 0.8687614728431056
FPR: 0.20193236714975846
TPR: 0.8070942662779398
F1-score: 0.8029973410684071
