Number of rules: 128
Number of conditions: 255
Accuracy: 0.8281897742975587
Train AUC: 0.9410421953525401
AUC: 0.830481678192768
FPR: 0.08462936780448395
TPR: 0.5518565941101152
F1-score: 0.6064016883573691
