Accuracy: 0.7627821280515892
Train AUC: 0.9507473085196732
AUC: 0.8262236240379793
FPR: 0.2351040193900222
TPR: 0.7560819462227913
F1-score: 0.6045559252623497
