Number of rules: 25
Number of conditions: 49
Accuracy: 0.1310116086235489
Train AUC: 0.8628021033471535
AUC: 0.5034744156664561
FPR: 0.9930511686670878
TPR: 1.0
F1-score: 0.22332015810276676
