Number of rules: 296
Number of conditions: 419
Accuracy: 0.8081350729086723
Train AUC: 0.9678637149389394
AUC: 0.8690151485420509
FPR: 0.1606425702811245
TPR: 0.7068403908794788
F1-score: 0.6345029239766081
