Number of rules: 6547
Number of conditions: 3550
Accuracy: 0.5086807475395333
Train AUC: 0.9919328595361393
AUC: 0.6456057647914113
FPR: 0.5161088128369061
TPR: 0.6941838649155723
F1-score: 0.2498733749788958
