Number of rules: 13
Number of conditions: 31
Accuracy: 0.635
Train AUC: 0.9652185908319184
AUC: 0.7067751335599806
FPR: 0.3103448275862069
TPR: 0.6126760563380281
F1-score: 0.7044534412955465
