Number of rules: 8
Number of conditions: 43
Accuracy: 0.7419354838709677
Train AUC: 0.8275862068965517
AUC: 0.8055555555555556
FPR: 0.2222222222222222
TPR: 0.5
F1-score: 0.3333333333333333
