Accuracy: 0.2903225806451613
Train AUC: 0.31666666666666665
AUC: 0.4949494949494949
FPR: 1.0
TPR: 1.0
F1-score: 0.45000000000000007
