Number of rules: 445
Number of conditions: 889
Accuracy: 0.5688225538971807
Train AUC: 0.91282427646064
AUC: 0.6031523016400143
FPR: 0.44234404536862004
TPR: 0.6486486486486487
F1-score: 0.2696629213483146
