Number of rules: 125
Number of conditions: 249
Accuracy: 0.7077922077922078
Train AUC: 0.9154426375931592
AUC: 0.6945578231292516
FPR: 0.2571428571428571
TPR: 0.6326530612244898
F1-score: 0.5794392523364486
