Number of rules: 11
Number of conditions: 15
Accuracy: 0.7891908490710886
Train AUC: 0.7659269210993349
AUC: 0.8251709906895514
FPR: 0.0286810745303979
TPR: 0.2119078104993598
F1-score: 0.32530712530712536
