Number of rules: 7
Number of conditions: 13
Accuracy: 0.7567567567567568
Train AUC: 0.9615384615384616
AUC: 0.7529239766081872
FPR: 0.3888888888888889
TPR: 0.8947368421052632
F1-score: 0.7906976744186046
