Number of rules: 43
Number of conditions: 100
Accuracy: 0.7554347826086957
Train AUC: 0.9995993265448188
AUC: 0.8707331730769231
FPR: 0.2375
TPR: 0.75
F1-score: 0.7761194029850748
