Number of rules: 23
Number of conditions: 86
Accuracy: 0.7419354838709677
Train AUC: 0.8070175438596491
AUC: 0.8445378151260504
FPR: 0.11764705882352941
TPR: 0.5714285714285714
F1-score: 0.6666666666666666
