Number of rules: 120
Number of conditions: 320
Accuracy: 0.12493090105030404
Train AUC: 0.9969663262210536
AUC: 0.5454483198139525
FPR: 1.0
TPR: 1.0
F1-score: 0.22211302211302208
