Accuracy: 0.7985567326884692
Train AUC: 0.9653084126615588
AUC: 0.8435454263562683
FPR: 0.11250252474247627
TPR: 0.5166453265044815
F1-score: 0.5516062884483938
