Accuracy: 0.765616362631288
Train AUC: 0.9831331795617511
AUC: 0.8925754280826704
FPR: 0.2533164876816172
TPR: 0.8982300884955752
F1-score: 0.4891566265060241
