Number of rules: 7
Number of conditions: 12
Accuracy: 0.7344961240310077
Train AUC: 0.9972224208512844
AUC: 0.7827636230475626
FPR: 0.4314009661835749
TPR: 0.9013605442176871
F1-score: 0.7719517270079068
