Number of rules: 1953
Number of conditions: 1853
Accuracy: 0.8165771297006907
Train AUC: 0.9881057268722467
AUC: 0.8844156051463782
FPR: 0.15532994923857868
TPR: 0.7295597484276729
F1-score: 0.6600284495021337
