Accuracy: 0.12219396218069224
Train AUC: 0.9896721927142013
AUC: 0.4456434434740968
FPR: 0.9944841419079855
TPR: 0.9953095684803002
F1-score: 0.21093439363817099
