Number of rules: 12
Number of conditions: 34
Accuracy: 0.289881774911715
Train AUC: 0.9394021739130434
AUC: 0.7812985956354348
FPR: 0.9339527368208442
TPR: 0.9993597951344431
F1-score: 0.4029947076287596
