Number of rules: 1955
Number of conditions: 1855
Accuracy: 0.5672058003346346
Train AUC: 0.9987721634895531
AUC: 0.5577420464059323
FPR: 0.7569444444444444
TPR: 0.868675995694295
F1-score: 0.6753138075313807
