Number of rules: 806
Number of conditions: 706
Accuracy: 0.11829740187949143
Train AUC: 0.9983820406512286
AUC: 0.4983208492338228
FPR: 0.9974953036944271
TPR: 0.9905660377358491
F1-score: 0.20843672456575682
