Number of rules: 13
Number of conditions: 25
Accuracy: 0.6521739130434783
Train AUC: 0.999980328900779
AUC: 0.6344350961538461
FPR: 0.5625
TPR: 0.8173076923076923
F1-score: 0.7264957264957265
