Number of rules: 14
Number of conditions: 25
Accuracy: 0.8011143410852714
Train AUC: 0.9830491832187115
AUC: 0.8792846814364117
FPR: 0.16231884057971013
TPR: 0.7643343051506317
F1-score: 0.7930426014620621
