Number of rules: 5721
Number of conditions: 697
Accuracy: 0.12252571049430498
Train AUC: 0.9923279145876924
AUC: 0.4131445800673183
FPR: 0.9946095023191676
TPR: 0.99906191369606
F1-score: 0.21162444113263784
