Accuracy: 0.5
Train AUC: 0.9614914291953269
AUC: 0.600328947368421
FPR: 0.6160714285714286
TPR: 0.8421052631578947
F1-score: 0.46043165467625896
