Accuracy: 0.6451612903225806
Train AUC: 0.9298245614035088
AUC: 0.7023809523809523
FPR: 0.3333333333333333
TPR: 0.6
F1-score: 0.5217391304347826
