Accuracy: 0.22793553338449732
Train AUC: 0.9910714285714286
AUC: 0.5517073056174349
FPR: 0.9990069513406157
TPR: 1.0
F1-score: 0.37046307884856067
