Number of rules: 83
Number of conditions: 165
Accuracy: 0.40243228302929795
Train AUC: 0.97777614309278
AUC: 0.6202456381285308
FPR: 0.6590062111801243
TPR: 0.8994974874371859
F1-score: 0.24878387769284224
