Accuracy: 0.16129032258064516
Train AUC: 0.9655172413793103
AUC: 0.7685185185185186
FPR: 0.9629629629629629
TPR: 1.0
F1-score: 0.23529411764705882
