Number of rules: 60
Number of conditions: 119
Accuracy: 0.2745278673422386
Train AUC: 0.905976705759078
AUC: 0.6501414890252258
FPR: 0.9521308826499697
TPR: 0.9929577464788732
F1-score: 0.39632042928325023
