Number of rules: 11
Number of conditions: 20
Accuracy: 0.7936434822662367
Train AUC: 0.7488272858485499
AUC: 0.8436634200827522
FPR: 0.03474045647343971
TPR: 0.2496798975672215
F1-score: 0.36723163841807904
