Accuracy: 0.3841901603095633
Train AUC: 0.9997347566409863
AUC: 0.6029728419903195
FPR: 0.6755915317559154
TPR: 0.8571428571428571
F1-score: 0.23803009575923392
