Number of rules: 36
Number of conditions: 71
Accuracy: 0.12363153820634745
Train AUC: 0.8851832993890021
AUC: 0.49555711413277526
FPR: 0.9924783753290711
TPR: 0.9924953095684803
F1-score: 0.21073598247186534
