Number of rules: 14
Number of conditions: 54
Accuracy: 0.7077922077922078
Train AUC: 0.896063237838955
AUC: 0.7827016520894072
FPR: 0.2571428571428571
TPR: 0.6326530612244898
F1-score: 0.5794392523364486
