Accuracy: 0.8058326937835764
Train AUC: 1.0
AUC: 0.7614508137338611
FPR: 0.15338042381432895
TPR: 0.6762820512820513
F1-score: 0.6251851851851852
