Number of rules: 5
Number of conditions: 7
Accuracy: 0.7466666666666667
Train AUC: 0.8974183056360217
AUC: 0.41917293233082703
FPR: 0.0
TPR: 0.0
F1-score: 0.0
