Number of rules: 11
Number of conditions: 21
Accuracy: 0.7567567567567568
Train AUC: 0.9459064327485379
AUC: 0.7633928571428572
FPR: 0.2857142857142857
TPR: 0.8125
F1-score: 0.742857142857143
