Number of rules: 20
Number of conditions: 49
Accuracy: 0.720580033463469
Train AUC: 0.9786406460296097
AUC: 0.7932446091644205
FPR: 0.36910377358490565
TPR: 0.801058201058201
F1-score: 0.75136476426799
