Accuracy: 0.6
Train AUC: 0.9616368286445012
AUC: 0.6018808777429467
FPR: 0.5454545454545454
TPR: 0.6551724137931034
F1-score: 0.7037037037037037
