Accuracy: 0.7929782082324455
Train AUC: 0.9861669946253928
AUC: 0.8814036509250616
FPR: 0.20279720279720279
TPR: 0.7884130982367759
F1-score: 0.7854454203262233
