Number of rules: 9
Number of conditions: 45
Accuracy: 0.6103896103896104
Train AUC: 0.737949377949378
AUC: 0.7329446064139942
FPR: 0.4857142857142857
TPR: 0.8163265306122449
F1-score: 0.5714285714285714
