Number of rules: 5993
Number of conditions: 519
Accuracy: 0.7618047108260533
Train AUC: 0.9731219987782727
AUC: 0.8772065960744081
FPR: 0.25435627428857965
TPR: 0.8827392120075047
F1-score: 0.46630327056491583
