Number of rules: 6047
Number of conditions: 1023
Accuracy: 0.7696913864578535
Train AUC: 0.9613715277777778
AUC: 0.8465892765749673
FPR: 0.22500504948495254
TPR: 0.7528809218950064
F1-score: 0.6105919003115264
