Number of rules: 176
Number of conditions: 331
Accuracy: 0.25172678434382195
Train AUC: 0.8946208112874781
AUC: 0.5832551594746715
FPR: 1.0
TPR: 1.0
F1-score: 0.40220723482526055
