Number of rules: 223
Number of conditions: 283
Accuracy: 0.7785966528481498
Train AUC: 0.9605927613545634
AUC: 0.8450538710864552
FPR: 0.21228034740456472
TPR: 0.7496798975672215
F1-score: 0.61892177589852
