Accuracy: 0.611301559217074
Train AUC: 0.8913096695226438
AUC: 0.4916326041496884
FPR: 0.348251222264009
TPR: 0.30863039399624764
F1-score: 0.15768032590462497
