Number of rules: 10
Number of conditions: 29
Accuracy: 0.6848856664807585
Train AUC: 0.8482854953983751
AUC: 0.7575190495861598
FPR: 0.3584905660377358
TPR: 0.7286995515695067
F1-score: 0.6970509383378016
