Number of rules: 10
Number of conditions: 19
Accuracy: 0.7297297297297297
Train AUC: 0.9722222222222222
AUC: 0.7387820512820513
FPR: 0.23076923076923078
TPR: 0.7083333333333334
F1-score: 0.7727272727272727
