Number of rules: 135
Number of conditions: 176
Accuracy: 0.3952459922609176
Train AUC: 0.995360716821946
AUC: 0.626636287025188
FPR: 0.6695652173913044
TPR: 0.9195979899497487
F1-score: 0.2506849315068493
