Number of rules: 178
Number of conditions: 355
Accuracy: 0.7893462469733656
Train AUC: 0.9384034773414786
AUC: 0.7893860513109141
FPR: 0.1941747572815534
TPR: 0.7729468599033816
F1-score: 0.7862407862407863
