Accuracy: 0.685
Train AUC: 0.9641325155984118
AUC: 0.7230451675570665
FPR: 0.3103448275862069
TPR: 0.6830985915492958
F1-score: 0.754863813229572
