Number of rules: 8
Number of conditions: 15
Accuracy: 0.7311046511627907
Train AUC: 0.7841757413875763
AUC: 0.7372512358980859
FPR: 0.4429951690821256
TPR: 0.9062196307094267
F1-score: 0.7706611570247935
