Number of rules: 1643
Number of conditions: 1543
Accuracy: 0.27705295471987723
Train AUC: 0.9864259549973836
AUC: 0.7234074001884157
FPR: 0.9476334340382678
TPR: 0.9967741935483871
F1-score: 0.39615384615384613
