Accuracy: 0.795088257866462
Train AUC: 0.9921982375293071
AUC: 0.8458188645597202
FPR: 0.15148413510747186
TPR: 0.6349693251533742
F1-score: 0.6079295154185022
