Number of rules: 60
Number of conditions: 198
Accuracy: 0.842391304347826
Train AUC: 0.9544586016729588
AUC: 0.9043870192307693
FPR: 0.1875
TPR: 0.8653846153846154
F1-score: 0.8612440191387559
