Number of rules: 10
Number of conditions: 20
Accuracy: 0.7865794573643411
Train AUC: 0.9797548532598899
AUC: 0.8611208527579424
FPR: 0.09903381642512077
TPR: 0.6715257531584062
F1-score: 0.7582990397805213
