Number of rules: 1768
Number of conditions: 1277
Accuracy: 0.122083379409488
Train AUC: 0.9935917404654888
AUC: 0.3791231050997697
FPR: 0.9946095023191676
TPR: 0.9953095684803002
F1-score: 0.21091342808865918
