Number of rules: 34
Number of conditions: 67
Accuracy: 0.5622577519379846
Train AUC: 0.9031178330130788
AUC: 0.585951723684643
FPR: 0.06521739130434782
TPR: 0.18756073858114675
F1-score: 0.2993408297789841
