Number of rules: 266
Number of conditions: 191
Accuracy: 0.5666666666666667
Train AUC: 0.9537037037037037
AUC: 0.6956521739130435
FPR: 0.4782608695652174
TPR: 0.7142857142857143
F1-score: 0.43478260869565216
