Number of rules: 12
Number of conditions: 16
Accuracy: 0.7904191616766467
Train AUC: 0.752305598310712
AUC: 0.8350337791793638
FPR: 0.03150878610381741
TPR: 0.2259923175416133
F1-score: 0.34089811685176247
