Number of rules: 0
Number of conditions: 0
Accuracy: 0.12493090105030404
Train AUC: 0.5
AUC: 0.5
FPR: 1.0
TPR: 1.0
F1-score: 0.22211302211302208
