Number of rules: 287
Number of conditions: 317
Accuracy: 0.7927222478120681
Train AUC: 0.9547719038208168
AUC: 0.8387472518776197
FPR: 0.1623914360735205
TPR: 0.6504481434058899
F1-score: 0.6008279124778237
