Accuracy: 0.7766472868217055
Train AUC: 0.9933598531211749
AUC: 0.8306939338882552
FPR: 0.09082125603864734
TPR: 0.6433430515063168
F1-score: 0.7417366946778711
