Number of rules: 9
Number of conditions: 38
Accuracy: 0.6804238706079196
Train AUC: 0.8491420614481642
AUC: 0.7429275926133743
FPR: 0.28421052631578947
TPR: 0.6481876332622601
F1-score: 0.679709334823924
