Number of rules: 1793
Number of conditions: 1693
Accuracy: 0.559322033898305
Train AUC: 0.9580125277306537
AUC: 0.7418250168874269
FPR: 0.13164556962025317
TPR: 0.27610208816705334
F1-score: 0.3953488372093023
