Number of rules: 7
Number of conditions: 14
Accuracy: 0.6486486486486487
Train AUC: 0.9947552447552447
AUC: 0.7272727272727274
FPR: 0.6
TPR: 0.8181818181818182
F1-score: 0.7346938775510203
