Number of rules: 115
Number of conditions: 229
Accuracy: 0.7682185115558996
Train AUC: 0.9442651846035562
AUC: 0.837384320917008
FPR: 0.23379716685470728
TPR: 0.7833020637898687
F1-score: 0.443441317047265
