Number of rules: 13
Number of conditions: 25
Accuracy: 0.8378378378378378
Train AUC: 0.9211309523809523
AUC: 0.8424242424242425
FPR: 0.13333333333333333
TPR: 0.8181818181818182
F1-score: 0.8571428571428572
