Number of rules: 21
Number of conditions: 41
Accuracy: 0.7313468992248062
Train AUC: 0.9887897685033927
AUC: 0.7329502401374628
FPR: 0.4429951690821256
TPR: 0.9067055393586005
F1-score: 0.770915100185912
