Number of rules: 5
Number of conditions: 24
Accuracy: 0.7466666666666667
Train AUC: 0.7960770963180224
AUC: 0.5844689849624061
FPR: 0.0
TPR: 0.0
F1-score: 0.0
