Number of rules: 184
Number of conditions: 367
Accuracy: 0.714301651048639
Train AUC: 0.9241351256791903
AUC: 0.7679859751908645
FPR: 0.19164733178654292
TPR: 0.6272024065320154
F1-score: 0.6950827479461841
