Number of rules: 49
Number of conditions: 134
Accuracy: 0.7027027027027027
Train AUC: 0.85
AUC: 0.8029411764705883
FPR: 0.29411764705882354
TPR: 0.7
F1-score: 0.717948717948718
