Number of rules: 32
Number of conditions: 63
Accuracy: 0.725
Train AUC: 0.7813299232736572
AUC: 0.7821316614420062
FPR: 0.09090909090909091
TPR: 0.6551724137931034
F1-score: 0.7755102040816326
