Number of rules: 9
Number of conditions: 29
Accuracy: 0.6129032258064516
Train AUC: 0.8267543859649124
AUC: 0.7449494949494949
FPR: 0.5
TPR: 0.8888888888888888
F1-score: 0.5714285714285714
