Number of rules: 15
Number of conditions: 21
Accuracy: 0.8014739751266697
Train AUC: 0.7499198275972652
AUC: 0.8293558564068717
FPR: 0.035144415269642494
TPR: 0.28361075544174136
F1-score: 0.4066085360256998
