Number of rules: 9
Number of conditions: 25
Accuracy: 0.4
Train AUC: 0.7395833333333333
AUC: 0.5617283950617284
FPR: 0.6296296296296297
TPR: 0.6666666666666666
F1-score: 0.18181818181818182
