Number of rules: 19
Number of conditions: 48
Accuracy: 0.637479085331846
Train AUC: 0.8578280180124606
AUC: 0.7271708805579773
FPR: 0.6290322580645161
TPR: 0.8875675675675676
F1-score: 0.7164048865619546
