Number of rules: 656
Number of conditions: 556
Accuracy: 0.5483870967741935
Train AUC: 0.9649122807017544
AUC: 0.6714285714285715
FPR: 0.42857142857142855
TPR: 0.5
F1-score: 0.41666666666666663
