Number of rules: 8
Number of conditions: 24
Accuracy: 0.4666666666666667
Train AUC: 0.7422360248447204
AUC: 0.4894179894179894
FPR: 0.47619047619047616
TPR: 0.3333333333333333
F1-score: 0.27272727272727276
