Number of rules: 8
Number of conditions: 43
Accuracy: 0.6977133296151701
Train AUC: 0.8529619841887763
AUC: 0.7731911500896952
FPR: 0.2543352601156069
TPR: 0.6530172413793104
F1-score: 0.6909920182440137
