Number of rules: 5413
Number of conditions: 389
Accuracy: 0.5815217391304348
Train AUC: 0.9996998444264069
AUC: 0.6306490384615384
FPR: 0.275
TPR: 0.47115384615384615
F1-score: 0.5599999999999999
