Number of rules: 191
Number of conditions: 381
Accuracy: 0.7142857142857143
Train AUC: 0.9186901451961693
AUC: 0.7131195335276967
FPR: 0.21904761904761905
TPR: 0.5714285714285714
F1-score: 0.5599999999999999
