Number of rules: 10700
Number of conditions: 9515
Accuracy: 0.7333333333333333
Train AUC: 0.9901714791459232
AUC: 0.768796992481203
FPR: 0.25892857142857145
TPR: 0.7105263157894737
F1-score: 0.5744680851063829
