Number of rules: 1799
Number of conditions: 1699
Accuracy: 0.7574827321565618
Train AUC: 0.9964197343836793
AUC: 0.8425151007932465
FPR: 0.24275724275724275
TPR: 0.7582781456953642
F1-score: 0.5917312661498708
