Number of rules: 51
Number of conditions: 101
Accuracy: 0.7747581759557808
Train AUC: 0.8612340756259926
AUC: 0.7998959586275849
FPR: 0.1682488386184609
TPR: 0.5941101152368758
F1-score: 0.5585314474872104
