Accuracy: 0.4897710936636072
Train AUC: 0.977138589916074
AUC: 0.5756664740396933
FPR: 0.5334085495800426
TPR: 0.6632270168855535
F1-score: 0.23457199734572
