Number of rules: 9
Number of conditions: 20
Accuracy: 0.38308457711442784
Train AUC: 0.9972209569131615
AUC: 0.6136532338705224
FPR: 0.6774595267745953
TPR: 0.8620689655172413
F1-score: 0.2387448840381992
