Number of rules: 6
Number of conditions: 10
Accuracy: 0.7313468992248062
Train AUC: 0.992322025961738
AUC: 0.785690107651066
FPR: 0.4429951690821256
TPR: 0.9067055393586005
F1-score: 0.770915100185912
