Number of rules: 8
Number of conditions: 20
Accuracy: 0.6999442275515895
Train AUC: 0.8927007626738447
AUC: 0.7683569182389938
FPR: 0.39858490566037735
TPR: 0.7883597883597884
F1-score: 0.7347140039447733
