Number of rules: 7
Number of conditions: 16
Accuracy: 0.5644171779141104
Train AUC: 0.9917079413968202
AUC: 0.5487930072160427
FPR: 0.7569444444444444
TPR: 0.8632938643702907
F1-score: 0.6725366876310273
