Accuracy: 0.12219396218069224
Train AUC: 0.9503137377063771
AUC: 0.4821019789305135
FPR: 0.9943587814968033
TPR: 0.9943714821763602
F1-score: 0.21077749055478226
