Number of rules: 23
Number of conditions: 62
Accuracy: 0.7645107794361525
Train AUC: 0.9743874208159923
AUC: 0.8793621013133208
FPR: 0.2482801751094434
TPR: 0.861904761904762
F1-score: 0.4593908629441624
