Accuracy: 0.7850452940273299
Train AUC: 0.9335211870799448
AUC: 0.8312244244556966
FPR: 0.15087861038174105
TPR: 0.5819462227912933
F1-score: 0.564947172156619
