Number of rules: 19
Number of conditions: 44
Accuracy: 0.7265729585006694
Train AUC: 0.9582212193974202
AUC: 0.7908730807618026
FPR: 0.18700696055684454
TPR: 0.6465406102277611
F1-score: 0.7105915692525683
