Number of rules: 64
Number of conditions: 228
Accuracy: 0.8648648648648649
Train AUC: 0.9791666666666666
AUC: 0.9464285714285714
FPR: 0.1875
TPR: 0.9047619047619048
F1-score: 0.8837209302325582
