Number of rules: 602
Number of conditions: 1203
Accuracy: 0.7490239821528165
Train AUC: 0.9476596344652732
AUC: 0.750479619294399
FPR: 0.20809248554913296
TPR: 0.709051724137931
F1-score: 0.7451868629671574
