Number of rules: 2310
Number of conditions: 1008
Accuracy: 0.7717391304347826
Train AUC: 0.9995178999722792
AUC: 0.8682091346153844
FPR: 0.2375
TPR: 0.7788461538461539
F1-score: 0.7941176470588236
