Number of rules: 33
Number of conditions: 76
Accuracy: 0.657608695652174
Train AUC: 0.9994851310640784
AUC: 0.6522836538461538
FPR: 0.55
TPR: 0.8173076923076923
F1-score: 0.7296137339055793
