Number of rules: 7
Number of conditions: 24
Accuracy: 0.5161290322580645
Train AUC: 0.7280701754385965
AUC: 0.4823232323232323
FPR: 0.5454545454545454
TPR: 0.6666666666666666
F1-score: 0.4444444444444444
