Number of rules: 18
Number of conditions: 35
Accuracy: 0.3333333333333333
Train AUC: 0.7083333333333333
AUC: 0.4162679425837321
FPR: 0.8947368421052632
TPR: 0.7272727272727273
F1-score: 0.4444444444444444
