Number of rules: 20
Number of conditions: 43
Accuracy: 0.6948051948051948
Train AUC: 0.9472950464233174
AUC: 0.757240038872692
FPR: 0.2857142857142857
TPR: 0.6530612244897959
F1-score: 0.5765765765765767
