Number of rules: 64
Number of conditions: 228
Accuracy: 0.5945945945945946
Train AUC: 0.9366666666666666
AUC: 0.6710526315789473
FPR: 0.2631578947368421
TPR: 0.4444444444444444
F1-score: 0.5161290322580646
