Number of rules: 9
Number of conditions: 34
Accuracy: 0.6217090584560464
Train AUC: 0.7532753887443404
AUC: 0.7000766997328847
FPR: 0.7167053364269141
TPR: 0.9351095831542758
F1-score: 0.7196362133112856
