Number of rules: 143
Number of conditions: 285
Accuracy: 0.8215875940426839
Train AUC: 0.940766397019334
AUC: 0.8172081921395618
FPR: 0.08361947081397697
TPR: 0.5211267605633803
F1-score: 0.5835125448028674
