Number of rules: 558
Number of conditions: 458
Accuracy: 0.12548369264787176
Train AUC: 0.9972191323692993
AUC: 0.4363888575935106
FPR: 0.9968454258675079
TPR: 0.9910714285714286
F1-score: 0.21915103652517273
