Accuracy: 0.8284968524489482
Train AUC: 0.9623146948531455
AUC: 0.8576189422020825
FPR: 0.07271258331650171
TPR: 0.5153649167733675
F1-score: 0.5903923725705905
