Number of rules: 70
Number of conditions: 205
Accuracy: 0.7286821705426356
Train AUC: 0.9777572807393056
AUC: 0.7339213532203772
FPR: 0.4391304347826087
TPR: 0.8974732750242954
F1-score: 0.76734524304113
