Number of rules: 104
Number of conditions: 207
Accuracy: 0.8015988372093024
Train AUC: 0.9618360175461066
AUC: 0.8335942451514768
FPR: 0.2135265700483092
TPR: 0.8168124392614189
F1-score: 0.804113848361636
