Accuracy: 0.5436046511627907
Train AUC: 0.9663629413830864
AUC: 0.7154709088604387
FPR: 0.05893719806763285
TPR: 0.14382896015549076
F1-score: 0.23909531502423265
