Number of rules: 7288
Number of conditions: 4291
Accuracy: 0.8358667280822969
Train AUC: 0.9785616458685799
AUC: 0.8770326278192095
FPR: 0.10341345182791355
TPR: 0.6434058898847631
F1-score: 0.6528093536862618
