Accuracy: 0.8378378378378378
Train AUC: 0.9940476190476191
AUC: 0.9583333333333334
FPR: 0.15384615384615385
TPR: 0.8333333333333334
F1-score: 0.8695652173913043
