Number of rules: 9
Number of conditions: 32
Accuracy: 0.6385945343000557
Train AUC: 0.8141106420978113
AUC: 0.7362695686801564
FPR: 0.5774011299435028
TPR: 0.8491189427312775
F1-score: 0.7041095890410959
