Number of rules: 2253
Number of conditions: 2153
Accuracy: 0.7428890128276632
Train AUC: 0.9955796962122668
AUC: 0.8117175501030155
FPR: 0.33570581257413995
TPR: 0.8126315789473684
F1-score: 0.770074812967581
