Number of rules: 72
Number of conditions: 118
Accuracy: 0.5405405405405406
Train AUC: 0.8499999999999999
AUC: 0.6294117647058823
FPR: 0.35
TPR: 0.4117647058823529
F1-score: 0.45161290322580644
