Number of rules: 135
Number of conditions: 301
Accuracy: 0.38971807628524047
Train AUC: 0.9413750877053629
AUC: 0.41640780354642476
FPR: 0.6278195488721805
TPR: 0.5211267605633803
F1-score: 0.16742081447963802
