Number of rules: 8
Number of conditions: 23
Accuracy: 0.6066666666666667
Train AUC: 0.8750915367716288
AUC: 0.6764567669172932
FPR: 0.44642857142857145
TPR: 0.7631578947368421
F1-score: 0.49572649572649574
