Number of rules: 8
Number of conditions: 28
Accuracy: 0.6966755912539045
Train AUC: 0.8944591188627885
AUC: 0.7317262200915909
FPR: 0.40649651972157774
TPR: 0.7922217447357112
F1-score: 0.7306053700584563
