Number of rules: 562
Number of conditions: 487
Accuracy: 0.8075060532687651
Train AUC: 0.9941022398843932
AUC: 0.8801892489256546
FPR: 0.09685230024213075
TPR: 0.711864406779661
F1-score: 0.7871485943775101
