Accuracy: 0.7
Train AUC: 0.8938618925831202
AUC: 0.7321428571428571
FPR: 0.25
TPR: 0.6785714285714286
F1-score: 0.76
