Number of rules: 150
Number of conditions: 299
Accuracy: 0.55
Train AUC: 0.8772378516624042
AUC: 0.5851648351648352
FPR: 0.42857142857142855
TPR: 0.5384615384615384
F1-score: 0.608695652173913
