Number of rules: 13
Number of conditions: 29
Accuracy: 0.6666666666666666
Train AUC: 0.984472049689441
AUC: 0.47115384615384615
FPR: 0.23076923076923078
TPR: 0.0
F1-score: 0.0
