Accuracy: 0.8219493476592479
Train AUC: 0.9861609881224558
AUC: 0.871658755119715
FPR: 0.15191146881287726
TPR: 0.7378640776699029
F1-score: 0.6627906976744186
