Number of rules: 90
Number of conditions: 179
Accuracy: 0.3952459922609176
Train AUC: 0.9816826472843323
AUC: 0.5948505910716586
FPR: 0.6625155666251556
TPR: 0.8522167487684729
F1-score: 0.24027777777777778
