Accuracy: 0.3225806451612903
Train AUC: 0.2
AUC: 0.33571428571428574
FPR: 1.0
TPR: 1.0
F1-score: 0.4878048780487805
