Number of rules: 7
Number of conditions: 15
Accuracy: 0.5627440044617958
Train AUC: 0.9841910846582869
AUC: 0.5511542824377049
FPR: 0.7575757575757576
TPR: 0.8566844919786096
F1-score: 0.6714165968147526
