Number of rules: 462
Number of conditions: 923
Accuracy: 0.7161182375906302
Train AUC: 0.9488476575017624
AUC: 0.7119259758410703
FPR: 0.36556603773584906
TPR: 0.7894179894179895
F1-score: 0.7456271864067966
