Number of rules: 7058
Number of conditions: 2496
Accuracy: 0.72
Train AUC: 0.9601734681777371
AUC: 0.3920347744360903
FPR: 0.044642857142857144
TPR: 0.02631578947368421
F1-score: 0.045454545454545456
