Accuracy: 0.5898036590807675
Train AUC: 0.9301028456700334
AUC: 0.679533011545092
FPR: 0.6709976798143852
TPR: 0.8313278899871078
F1-score: 0.677879982479194
