Number of rules: 990
Number of conditions: 1979
Accuracy: 0.5995538204127161
Train AUC: 0.8690167757930388
AUC: 0.5970264317180617
FPR: 0.6
TPR: 0.7940528634361234
F1-score: 0.6675925925925926
