Accuracy: 0.8050847457627118
Train AUC: 0.9897324444183383
AUC: 0.8791489786452003
FPR: 0.17482517482517482
TPR: 0.783375314861461
F1-score: 0.7943805874840357
