Accuracy: 0.74
Train AUC: 0.9835822546741897
AUC: 0.784421992481203
FPR: 0.25892857142857145
TPR: 0.7368421052631579
F1-score: 0.5894736842105264
