Number of rules: 64
Number of conditions: 113
Accuracy: 0.8378378378378378
Train AUC: 0.9613095238095237
AUC: 0.9272727272727272
FPR: 0.06666666666666667
TPR: 0.7727272727272727
F1-score: 0.85
