Number of rules: 8
Number of conditions: 34
Accuracy: 0.7733333333333333
Train AUC: 0.9328063065465081
AUC: 0.8112077067669173
FPR: 0.1875
TPR: 0.6578947368421053
F1-score: 0.5952380952380952
