Number of rules: 39
Number of conditions: 121
Accuracy: 0.5065796748866527
Train AUC: 0.9317845027126989
AUC: 0.4674228157359538
FPR: 0.48539551209727966
TPR: 0.44652908067542213
F1-score: 0.17584041374214998
