Number of rules: 704
Number of conditions: 352
Accuracy: 0.7308624031007752
Train AUC: 0.9986056239832675
AUC: 0.802806298502838
FPR: 0.4420289855072464
TPR: 0.9047619047619048
F1-score: 0.7702171664943124
