Accuracy: 0.748661311914324
Train AUC: 0.9760528654914311
AUC: 0.7994081382978193
FPR: 0.2921113689095128
TPR: 0.7864202836269876
F1-score: 0.7646505797555625
