Number of rules: 5
Number of conditions: 25
Accuracy: 0.5792057117358322
Train AUC: 0.7245366060530835
AUC: 0.699812874587337
FPR: 0.8116009280742459
TPR: 0.9411259131929522
F1-score: 0.6990105330354293
