Number of rules: 378
Number of conditions: 303
Accuracy: 0.8108108108108109
Train AUC: 0.9795321637426901
AUC: 0.9077380952380951
FPR: 0.23809523809523808
TPR: 0.875
F1-score: 0.7999999999999999
