Number of rules: 9726
Number of conditions: 4863
Accuracy: 0.7953324120988792
Train AUC: 0.9778566179512261
AUC: 0.8524575410081539
FPR: 0.16521914764694
TPR: 0.6702944942381562
F1-score: 0.6110300554420777
