Number of rules: 18
Number of conditions: 40
Accuracy: 0.7142857142857143
Train AUC: 0.8866907580171344
AUC: 0.7327502429543246
FPR: 0.2857142857142857
TPR: 0.7142857142857143
F1-score: 0.6140350877192982
