Number of rules: 2299
Number of conditions: 2199
Accuracy: 0.8012279355333844
Train AUC: 0.995374380652091
AUC: 0.8567450125901879
FPR: 0.150460593654043
TPR: 0.656441717791411
F1-score: 0.6229985443959244
