Number of rules: 64
Number of conditions: 173
Accuracy: 0.8260869565217391
Train AUC: 0.9501046505919788
AUC: 0.9095552884615384
FPR: 0.2125
TPR: 0.8557692307692307
F1-score: 0.8476190476190476
