Number of rules: 7
Number of conditions: 13
Accuracy: 0.5
Train AUC: 0.9285714285714286
AUC: 0.4138755980861244
FPR: 0.2631578947368421
TPR: 0.09090909090909091
F1-score: 0.11764705882352942
