Accuracy: 0.775
Train AUC: 0.972972972972973
AUC: 0.6111111111111112
FPR: 1.0
TPR: 1.0
F1-score: 0.8732394366197184
