Number of rules: 11
Number of conditions: 22
Accuracy: 0.5945945945945946
Train AUC: 0.972027972027972
AUC: 0.6398809523809523
FPR: 0.8125
TPR: 0.9047619047619048
F1-score: 0.7169811320754718
