Number of rules: 29
Number of conditions: 57
Accuracy: 0.7717391304347826
Train AUC: 0.987062478176586
AUC: 0.7741586538461539
FPR: 0.2375
TPR: 0.7788461538461539
F1-score: 0.7941176470588236
