Number of rules: 14
Number of conditions: 35
Accuracy: 0.64
Train AUC: 0.9636874524846223
AUC: 0.6999757163671685
FPR: 0.3103448275862069
TPR: 0.6197183098591549
F1-score: 0.7096774193548387
