Accuracy: 0.8023255813953488
Train AUC: 0.9886594008984901
AUC: 0.8773769618268287
FPR: 0.20579710144927535
TPR: 0.8104956268221575
F1-score: 0.8034682080924855
