Number of rules: 9
Number of conditions: 23
Accuracy: 0.678826416778224
Train AUC: 0.83795962584991
AUC: 0.7663430255340066
FPR: 0.180046403712297
TPR: 0.5481306403094113
F1-score: 0.6392682621225411
