Number of rules: 9101
Number of conditions: 8749
Accuracy: 0.655
Train AUC: 0.9696202218363162
AUC: 0.6833414278776105
FPR: 0.3275862068965517
TPR: 0.647887323943662
F1-score: 0.7272727272727273
