Number of rules: 3695
Number of conditions: 698
Accuracy: 0.7313468992248062
Train AUC: 0.9982673355076573
AUC: 0.764977605949212
FPR: 0.4429951690821256
TPR: 0.9067055393586005
F1-score: 0.770915100185912
