Number of rules: 1367
Number of conditions: 1267
Accuracy: 0.38584853510226647
Train AUC: 0.9992247820760561
AUC: 0.6376338212803146
FPR: 0.6720496894409937
TPR: 0.8542713567839196
F1-score: 0.23432115782219154
