Accuracy: 0.8064516129032258
Train AUC: 0.8793859649122807
AUC: 0.8729166666666667
FPR: 0.125
TPR: 0.7333333333333333
F1-score: 0.7857142857142856
