Number of rules: 2590
Number of conditions: 2490
Accuracy: 0.33720287451630737
Train AUC: 0.972841124217271
AUC: 0.43413404403026346
FPR: 0.6904761904761905
TPR: 0.5446009389671361
F1-score: 0.16212438853948288
