Number of rules: 15
Number of conditions: 26
Accuracy: 0.7972383720930233
Train AUC: 0.9811483319547836
AUC: 0.8844299141326647
FPR: 0.1473429951690821
TPR: 0.7414965986394558
F1-score: 0.784777577783492
