Number of rules: 3172
Number of conditions: 201
Accuracy: 0.5503875968992248
Train AUC: 0.9757924727540794
AUC: 0.6909595170021079
FPR: 0.06811594202898551
TPR: 0.16666666666666666
F1-score: 0.2698662470495673
