Number of rules: 270
Number of conditions: 539
Accuracy: 0.5727830451756832
Train AUC: 0.9625041621576624
AUC: 0.5614908503767492
FPR: 0.75
TPR: 0.8729817007534983
F1-score: 0.6792294807370185
