Accuracy: 0.33766233766233766
Train AUC: 0.9951346458474769
AUC: 0.4849368318756074
FPR: 0.9619047619047619
TPR: 0.9795918367346939
F1-score: 0.4848484848484848
