Number of rules: 2997
Number of conditions: 227
Accuracy: 0.7734980620155039
Train AUC: 0.9932394940840471
AUC: 0.8583335680718112
FPR: 0.09130434782608696
TPR: 0.6375121477162293
F1-score: 0.7372857544254003
