Number of rules: 128
Number of conditions: 193
Accuracy: 0.4191087028640938
Train AUC: 0.9903883172917357
AUC: 0.6395238444674782
FPR: 0.6343236805816723
TPR: 0.8189493433395872
F1-score: 0.24946420917273895
