Accuracy: 0.1271420674405749
Train AUC: 0.9501213469511578
AUC: 0.49770794783065647
FPR: 0.9974731522425774
TPR: 1.0
F1-score: 0.2225504677498769
