Number of rules: 750
Number of conditions: 650
Accuracy: 0.8026634382566586
Train AUC: 0.9905577256307088
AUC: 0.8856672998452231
FPR: 0.18689320388349515
TPR: 0.7922705314009661
F1-score: 0.8009768009768009
