Number of rules: 19
Number of conditions: 37
Accuracy: 0.7730135658914729
Train AUC: 0.9890610393584601
AUC: 0.8170366145077768
FPR: 0.08164251207729468
TPR: 0.6268221574344023
F1-score: 0.7335797554734148
