Number of rules: 1963
Number of conditions: 1863
Accuracy: 0.8265541059094398
Train AUC: 0.9932094462722354
AUC: 0.8923790217687853
FPR: 0.15173116089613034
TPR: 0.7601246105919003
F1-score: 0.6834733893557422
