Number of rules: 5604
Number of conditions: 108
Accuracy: 0.12153046555346678
Train AUC: 0.992612700814383
AUC: 0.47873312367804155
FPR: 0.994985583552714
TPR: 0.9934333958724203
F1-score: 0.21049493142516398
