Number of rules: 28
Number of conditions: 55
Accuracy: 0.34415584415584416
Train AUC: 0.9059304703476483
AUC: 0.5131195335276968
FPR: 0.9523809523809523
TPR: 0.9795918367346939
F1-score: 0.4873096446700507
