Number of rules: 2738
Number of conditions: 937
Accuracy: 0.7506358509344244
Train AUC: 0.9740524533660206
AUC: 0.8767907076183615
FPR: 0.2683966403409803
TPR: 0.8930581613508443
F1-score: 0.4578023563356575
