Number of rules: 7
Number of conditions: 27
Accuracy: 0.5504740658114892
Train AUC: 0.9742632980937318
AUC: 0.628114659331021
FPR: 0.7418981481481481
TPR: 0.8223896663078579
F1-score: 0.6546700942587833
