Number of rules: 48
Number of conditions: 174
Accuracy: 0.7542372881355932
Train AUC: 0.9274604246820759
AUC: 0.8467279965758445
FPR: 0.2616136919315403
TPR: 0.7697841726618705
F1-score: 0.7597633136094674
