Number of rules: 12
Number of conditions: 36
Accuracy: 0.41634413358398764
Train AUC: 0.983808493781204
AUC: 0.5678651404213004
FPR: 0.6343236805816723
TPR: 0.7954971857410882
F1-score: 0.24318898766848293
