Accuracy: 0.7551589514779699
Train AUC: 0.992685811822483
AUC: 0.8401977028104446
FPR: 0.20578034682080926
TPR: 0.71875
F1-score: 0.7523970671178792
