Number of rules: 3780
Number of conditions: 1137
Accuracy: 0.12197279663828375
Train AUC: 0.9958701063589047
AUC: 0.39816406973049395
FPR: 0.9946095023191676
TPR: 0.9943714821763602
F1-score: 0.21073558648111332
