Number of rules: 9
Number of conditions: 26
Accuracy: 0.31782588668816214
Train AUC: 0.9125949837929753
AUC: 0.6982153658995156
FPR: 0.8959806099777823
TPR: 0.9955185659411011
F1-score: 0.4117569177810141
