Number of rules: 18
Number of conditions: 31
Accuracy: 0.56
Train AUC: 0.9078687500000001
AUC: 0.7296757518796992
FPR: 0.5267857142857143
TPR: 0.8157894736842105
F1-score: 0.484375
