Number of rules: 173
Number of conditions: 179
Accuracy: 0.575
Train AUC: 0.8300000000000001
AUC: 0.6266666666666667
FPR: 0.5333333333333333
TPR: 0.64
F1-score: 0.6530612244897959
