Number of rules: 116
Number of conditions: 276
Accuracy: 0.75
Train AUC: 0.7774936061381074
AUC: 0.7410714285714285
FPR: 0.3333333333333333
TPR: 0.7857142857142857
F1-score: 0.8148148148148148
