Number of rules: 8176
Number of conditions: 3711
Accuracy: 0.675
Train AUC: 0.9786439975119221
AUC: 0.7026469159786304
FPR: 0.3103448275862069
TPR: 0.6690140845070423
F1-score: 0.7450980392156863
