Accuracy: 0.8081350729086723
Train AUC: 1.0
AUC: 0.7794017175877151
FPR: 0.16446700507614212
TPR: 0.7232704402515723
F1-score: 0.647887323943662
