Number of rules: 292
Number of conditions: 583
Accuracy: 0.7912509593246354
Train AUC: 0.9279795109894553
AUC: 0.7480586998759955
FPR: 0.17165668662674652
TPR: 0.6677740863787376
F1-score: 0.5964391691394658
