Number of rules: 300
Number of conditions: 225
Accuracy: 0.7027027027027027
Train AUC: 1.0
AUC: 0.6532738095238095
FPR: 0.5
TPR: 0.8571428571428571
F1-score: 0.7659574468085107
