Number of rules: 6
Number of conditions: 23
Accuracy: 0.7466666666666667
Train AUC: 0.9298904746100232
AUC: 0.7895911654135338
FPR: 0.25
TPR: 0.7368421052631579
F1-score: 0.5957446808510638
