Number of rules: 21
Number of conditions: 43
Accuracy: 0.5974025974025974
Train AUC: 0.887885421994885
AUC: 0.6834791059280856
FPR: 0.4380952380952381
TPR: 0.673469387755102
F1-score: 0.515625
