Number of rules: 14
Number of conditions: 68
Accuracy: 0.45161290322580644
Train AUC: 0.5172413793103449
AUC: 0.6153846153846154
FPR: 0.6153846153846154
TPR: 0.8
F1-score: 0.32000000000000006
