Number of rules: 660
Number of conditions: 560
Accuracy: 0.5786924939467313
Train AUC: 0.9664459089129583
AUC: 0.7347843930466391
FPR: 0.12895377128953772
TPR: 0.2891566265060241
F1-score: 0.4081632653061224
