Accuracy: 0.675
Train AUC: 0.9322250639386189
AUC: 0.7774725274725275
FPR: 0.5
TPR: 0.7692307692307693
F1-score: 0.7547169811320754
