Number of rules: 22
Number of conditions: 50
Accuracy: 0.7048192771084337
Train AUC: 0.9479326789613467
AUC: 0.8045868284847403
FPR: 0.11624129930394432
TPR: 0.5391061452513967
F1-score: 0.6547494780793319
