Number of rules: 8
Number of conditions: 35
Accuracy: 0.7466666666666667
Train AUC: 0.8164762686190357
AUC: 0.5296052631578947
FPR: 0.0
TPR: 0.0
F1-score: 0.0
