Accuracy: 0.7613200306983884
Train AUC: 1.0
AUC: 0.7563964449232425
FPR: 0.23404255319148937
TPR: 0.7468354430379747
F1-score: 0.6028097062579821
