Number of rules: 19
Number of conditions: 44
Accuracy: 0.7234324892181798
Train AUC: 0.9568855662220711
AUC: 0.8632833585112545
FPR: 0.29610129121223516
TPR: 0.8696060037523452
F1-score: 0.4257175660160734
