Number of rules: 481
Number of conditions: 381
Accuracy: 0.3333333333333333
Train AUC: 0.8541666666666666
AUC: 0.5095693779904307
FPR: 0.8947368421052632
TPR: 0.7272727272727273
F1-score: 0.4444444444444444
