Accuracy: 0.28242517267843437
Train AUC: 1.0
AUC: 0.5263424518743668
FPR: 0.9473150962512664
TPR: 1.0
F1-score: 0.40331844288449265
