Number of rules: 20
Number of conditions: 85
Accuracy: 0.7
Train AUC: 0.856777493606138
AUC: 0.7664835164835165
FPR: 0.2857142857142857
TPR: 0.6923076923076923
F1-score: 0.7500000000000001
