Number of rules: 6463
Number of conditions: 3466
Accuracy: 0.8532608695652174
Train AUC: 0.9960281864878011
AUC: 0.9038461538461539
FPR: 0.2
TPR: 0.8942307692307693
F1-score: 0.8732394366197184
