Number of rules: 8
Number of conditions: 34
Accuracy: 0.5333333333333333
Train AUC: 0.8665158371040724
AUC: 0.5476190476190477
FPR: 0.3333333333333333
TPR: 0.2222222222222222
F1-score: 0.2222222222222222
