Number of rules: 456
Number of conditions: 356
Accuracy: 0.6333333333333333
Train AUC: 0.9819004524886877
AUC: 0.5978835978835979
FPR: 0.3333333333333333
TPR: 0.5555555555555556
F1-score: 0.4761904761904762
