Number of rules: 4117
Number of conditions: 1120
Accuracy: 0.7663043478260869
Train AUC: 0.9998462061485164
AUC: 0.8591346153846153
FPR: 0.225
TPR: 0.7596153846153846
F1-score: 0.7860696517412934
