Number of rules: 23
Number of conditions: 48
Accuracy: 0.7297297297297297
Train AUC: 0.9619883040935673
AUC: 0.7884615384615385
FPR: 0.07692307692307693
TPR: 0.625
F1-score: 0.75
