Number of rules: 369
Number of conditions: 737
Accuracy: 0.8142747505755947
Train AUC: 0.9109351474934477
AUC: 0.7939531504780757
FPR: 0.1659877800407332
TPR: 0.7538940809968847
F1-score: 0.6666666666666667
