Number of rules: 636
Number of conditions: 536
Accuracy: 0.2340752110514198
Train AUC: 0.9834656084656085
AUC: 0.6060518444666002
FPR: 0.9950149551345963
TPR: 1.0
F1-score: 0.37546933667083854
