Number of rules: 486
Number of conditions: 971
Accuracy: 0.7295036252091467
Train AUC: 0.9470569762225213
AUC: 0.7267253516739556
FPR: 0.34762456546929316
TPR: 0.8010752688172043
F1-score: 0.7544303797468354
