Number of rules: 487
Number of conditions: 412
Accuracy: 0.25249424405218723
Train AUC: 0.9829144620811288
AUC: 0.5505440900562851
FPR: 0.9989743589743589
TPR: 1.0
F1-score: 0.4024539877300613
