Number of rules: 114
Number of conditions: 286
Accuracy: 0.12216694306246545
Train AUC: 0.9971938517544746
AUC: 0.4353874009049987
FPR: 0.9924859110832811
TPR: 0.9858490566037735
F1-score: 0.20837487537387836
