Number of rules: 120
Number of conditions: 325
Accuracy: 0.546710889994472
Train AUC: 0.9429004656277384
AUC: 0.6741159874430196
FPR: 0.47195967233774416
TPR: 0.6801801801801802
F1-score: 0.26916221033868093
