Number of rules: 68
Number of conditions: 233
Accuracy: 0.4987887596899225
Train AUC: 0.9119078052199728
AUC: 0.7165786397374685
FPR: 0.9859903381642512
TPR: 0.9863945578231292
F1-score: 0.6624245390765215
