Number of rules: 15
Number of conditions: 36
Accuracy: 0.625
Train AUC: 0.9925175033334829
AUC: 0.6834628460417679
FPR: 0.25862068965517243
TPR: 0.5774647887323944
F1-score: 0.6861924686192469
