Number of rules: 138
Number of conditions: 261
Accuracy: 0.63
Train AUC: 0.9206186666666667
AUC: 0.6803059737736766
FPR: 0.39655172413793105
TPR: 0.6408450704225352
F1-score: 0.7109375000000001
