Number of rules: 7626
Number of conditions: 3404
Accuracy: 0.2702287732227852
Train AUC: 0.9508342632445932
AUC: 0.7456756753960905
FPR: 0.9592001615835185
TPR: 0.9974391805377721
F1-score: 0.39598424196212995
