Number of rules: 7380
Number of conditions: 2356
Accuracy: 0.7533333333333333
Train AUC: 0.9354255319148936
AUC: 0.4284539473684211
FPR: 0.0
TPR: 0.02631578947368421
F1-score: 0.05128205128205127
