Number of rules: 101
Number of conditions: 241
Accuracy: 0.475
Train AUC: 0.7953964194373401
AUC: 0.5654761904761905
FPR: 0.4166666666666667
TPR: 0.42857142857142855
F1-score: 0.5333333333333333
