Number of rules: 1568
Number of conditions: 1468
Accuracy: 0.27705295471987723
Train AUC: 0.9919518576661434
AUC: 0.7468967229394241
FPR: 0.9344587884806356
TPR: 0.9966216216216216
F1-score: 0.3851174934725849
