Number of rules: 208
Number of conditions: 133
Accuracy: 0.16666666666666666
Train AUC: 0.5089285714285714
AUC: 0.19999999999999998
FPR: 1.0
TPR: 1.0
F1-score: 0.2857142857142857
