Number of rules: 19
Number of conditions: 59
Accuracy: 0.8027628549501151
Train AUC: 0.9651759326381532
AUC: 0.8632646198552132
FPR: 0.15376782077393075
TPR: 0.6697819314641744
F1-score: 0.6259097525473072
