Number of rules: 11
Number of conditions: 37
Accuracy: 0.7
Train AUC: 0.8108108108108109
AUC: 0.47
FPR: 1.0
TPR: 0.9333333333333333
F1-score: 0.8235294117647058
