Number of rules: 681
Number of conditions: 123
Accuracy: 0.5423934108527132
Train AUC: 0.9755145929339477
AUC: 0.6978830110374032
FPR: 0.05217391304347826
TPR: 0.1345966958211856
F1-score: 0.2267703643061809
