Number of rules: 8205
Number of conditions: 3664
Accuracy: 0.625
Train AUC: 0.9634201483089165
AUC: 0.6733851384167072
FPR: 0.39655172413793105
TPR: 0.6338028169014085
F1-score: 0.7058823529411766
