Number of rules: 98
Number of conditions: 328
Accuracy: 0.3167495854063018
Train AUC: 0.9285250936627083
AUC: 0.4924990326681775
FPR: 0.7379746835443038
TPR: 0.6943231441048034
F1-score: 0.2046332046332046
