Number of rules: 114
Number of conditions: 346
Accuracy: 0.6214751741678647
Train AUC: 0.8939985875187275
AUC: 0.48213349543163614
FPR: 0.3392252726588943
TPR: 0.3273921200750469
F1-score: 0.16937636495996117
