Accuracy: 0.7620874904067536
Train AUC: 0.9952848053325253
AUC: 0.8199532255823646
FPR: 0.23576423576423577
TPR: 0.7549668874172185
F1-score: 0.5953002610966057
