Number of rules: 7
Number of conditions: 13
Accuracy: 0.16666666666666666
Train AUC: 0.7321428571428572
AUC: 0.537037037037037
FPR: 0.9259259259259259
TPR: 1.0
F1-score: 0.19354838709677416
