Number of rules: 70
Number of conditions: 236
Accuracy: 0.7796610169491526
Train AUC: 0.9298892772181268
AUC: 0.8550462971117883
FPR: 0.11188811188811189
TPR: 0.6624685138539043
F1-score: 0.7429378531073446
