Number of rules: 187
Number of conditions: 373
Accuracy: 0.6103896103896104
Train AUC: 0.8463496190925353
AUC: 0.6473275024295432
FPR: 0.4095238095238095
TPR: 0.6530612244897959
F1-score: 0.5161290322580645
