Number of rules: 39
Number of conditions: 126
Accuracy: 0.5774818401937046
Train AUC: 0.947054841445909
AUC: 0.7282003928121245
FPR: 0.15085158150851583
TPR: 0.30843373493975906
F1-score: 0.4231404958677686
