Number of rules: 7
Number of conditions: 13
Accuracy: 0.5405405405405406
Train AUC: 0.9383333333333332
AUC: 0.5264705882352941
FPR: 0.3
TPR: 0.35294117647058826
F1-score: 0.41379310344827586
