Number of rules: 61
Number of conditions: 217
Accuracy: 0.5738498789346247
Train AUC: 0.9481273652616469
AUC: 0.7254712279776039
FPR: 0.14841849148418493
TPR: 0.2987951807228916
F1-score: 0.41333333333333333
