Number of rules: 193
Number of conditions: 385
Accuracy: 0.3031465848042978
Train AUC: 0.8456253270538984
AUC: 0.5328025517621697
FPR: 0.9282786885245902
TPR: 0.9938837920489296
F1-score: 0.41720154043645696
