Number of rules: 5624
Number of conditions: 128
Accuracy: 0.7313468992248062
Train AUC: 0.9996558751497167
AUC: 0.7554356041933682
FPR: 0.4420289855072464
TPR: 0.9057337220602527
F1-score: 0.7707256563985942
