Number of rules: 3711
Number of conditions: 714
Accuracy: 0.1237421209775517
Train AUC: 0.9918104906937395
AUC: 0.46828322797649247
FPR: 0.9928544565626175
TPR: 0.9962476547842402
F1-score: 0.21138535031847133
