Accuracy: 0.7414100847835787
Train AUC: 0.9763021491520648
AUC: 0.8282820107344728
FPR: 0.15220417633410674
TPR: 0.6428878384185647
F1-score: 0.7207901710431223
