Number of rules: 20
Number of conditions: 39
Accuracy: 0.6038961038961039
Train AUC: 0.88502145002145
AUC: 0.6878522837706511
FPR: 0.42857142857142855
TPR: 0.673469387755102
F1-score: 0.5196850393700787
