Accuracy: 0.5453003875968992
Train AUC: 0.97240203961022
AUC: 0.7053323192631089
FPR: 0.05893719806763285
TPR: 0.14723032069970846
F1-score: 0.24405960531614984
