Number of rules: 208
Number of conditions: 354
Accuracy: 0.7920184190330007
Train AUC: 0.9677647354040038
AUC: 0.8512302440819486
FPR: 0.17209775967413443
TPR: 0.6822429906542056
F1-score: 0.617771509167842
