Number of rules: 27
Number of conditions: 51
Accuracy: 0.66
Train AUC: 0.9129512082395195
AUC: 0.6803666828557552
FPR: 0.39655172413793105
TPR: 0.6830985915492958
F1-score: 0.7404580152671755
