Number of rules: 9
Number of conditions: 17
Accuracy: 0.7313468992248062
Train AUC: 0.9950324376063528
AUC: 0.7319666859152218
FPR: 0.4429951690821256
TPR: 0.9067055393586005
F1-score: 0.770915100185912
