Number of rules: 241
Number of conditions: 237
Accuracy: 0.23023791250959325
Train AUC: 0.9675925925925924
AUC: 0.6486357593885012
FPR: 1.0
TPR: 1.0
F1-score: 0.37429819089207733
