Number of rules: 64
Number of conditions: 190
Accuracy: 0.7567567567567568
Train AUC: 0.8566433566433567
AUC: 0.8090909090909091
FPR: 0.2
TPR: 0.7272727272727273
F1-score: 0.7804878048780488
