Number of rules: 18
Number of conditions: 35
Accuracy: 0.625
Train AUC: 0.8107416879795396
AUC: 0.6607142857142857
FPR: 0.25
TPR: 0.5714285714285714
F1-score: 0.6808510638297872
