Number of rules: 1324
Number of conditions: 662
Accuracy: 0.64
Train AUC: 0.9943240454076367
AUC: 0.6912943176299173
FPR: 0.2413793103448276
TPR: 0.5915492957746479
F1-score: 0.7000000000000001
