Number of rules: 452
Number of conditions: 352
Accuracy: 0.12903225806451613
Train AUC: 0.7758620689655172
AUC: 0.662037037037037
FPR: 1.0
TPR: 1.0
F1-score: 0.2285714285714286
