Number of rules: 15
Number of conditions: 45
Accuracy: 0.750575594781274
Train AUC: 0.9936562642023935
AUC: 0.833094051179794
FPR: 0.2542372881355932
TPR: 0.7666666666666667
F1-score: 0.5859872611464968
