Accuracy: 0.7272727272727273
Train AUC: 0.9560242624758755
AUC: 0.7457725947521865
FPR: 0.24761904761904763
TPR: 0.673469387755102
F1-score: 0.611111111111111
