Number of rules: 276
Number of conditions: 201
Accuracy: 0.3548387096774194
Train AUC: 0.9827586206896552
AUC: 0.6714285714285714
FPR: 0.9523809523809523
TPR: 1.0
F1-score: 0.5
