Number of rules: 131
Number of conditions: 261
Accuracy: 0.7526263408161008
Train AUC: 0.9356165879825721
AUC: 0.834809552134055
FPR: 0.2552337971668547
TPR: 0.8114446529080676
F1-score: 0.4360978069069826
