Number of rules: 53
Number of conditions: 156
Accuracy: 0.5815217391304348
Train AUC: 0.9998835120893271
AUC: 0.6518028846153847
FPR: 0.275
TPR: 0.47115384615384615
F1-score: 0.5599999999999999
