Number of rules: 91
Number of conditions: 181
Accuracy: 0.63
Train AUC: 0.9772960424406653
AUC: 0.6534725594949006
FPR: 0.25862068965517243
TPR: 0.5845070422535211
F1-score: 0.6916666666666668
