Number of rules: 0
Number of conditions: 0
Accuracy: 0.11442786069651742
Train AUC: 0.5
AUC: 0.5
FPR: 1.0
TPR: 1.0
F1-score: 0.20535714285714285
