Number of rules: 238
Number of conditions: 163
Accuracy: 0.3225806451612903
Train AUC: 0.9137931034482758
AUC: 0.7761904761904762
FPR: 1.0
TPR: 1.0
F1-score: 0.4878048780487805
