Number of rules: 6
Number of conditions: 12
Accuracy: 0.16666666666666666
Train AUC: 0.5267857142857143
AUC: 0.8209876543209875
FPR: 0.9259259259259259
TPR: 1.0
F1-score: 0.19354838709677416
