Number of rules: 177
Number of conditions: 353
Accuracy: 0.6168831168831169
Train AUC: 0.8421557271557272
AUC: 0.6641399416909621
FPR: 0.41904761904761906
TPR: 0.6938775510204082
F1-score: 0.5354330708661417
