Number of rules: 8073
Number of conditions: 7721
Accuracy: 0.5266666666666666
Train AUC: 0.9757045716079087
AUC: 0.6590695488721804
FPR: 0.5625
TPR: 0.7894736842105263
F1-score: 0.45801526717557256
