Accuracy: 0.725
Train AUC: 0.985
AUC: 0.7513020833333334
FPR: 0.1875
TPR: 0.6666666666666666
F1-score: 0.744186046511628
