Number of rules: 24
Number of conditions: 47
Accuracy: 0.6451612903225806
Train AUC: 0.9210526315789473
AUC: 0.6843434343434343
FPR: 0.4090909090909091
TPR: 0.7777777777777778
F1-score: 0.56
