Number of rules: 488
Number of conditions: 975
Accuracy: 0.7339654210819855
Train AUC: 0.9604845222072678
AUC: 0.7298852082568097
FPR: 0.33373063170441003
TPR: 0.7935010482180294
F1-score: 0.7604218985434456
