Number of rules: 775
Number of conditions: 1549
Accuracy: 0.38529574350469875
Train AUC: 0.8306008975733746
AUC: 0.48748528563878346
FPR: 0.6452217364147408
TPR: 0.6201923076923077
F1-score: 0.18832116788321168
