Accuracy: 0.575
Train AUC: 0.90153452685422
AUC: 0.5982142857142857
FPR: 0.4166666666666667
TPR: 0.5714285714285714
F1-score: 0.6530612244897959
