Number of rules: 21
Number of conditions: 40
Accuracy: 0.8260869565217391
Train AUC: 0.967232163606786
AUC: 0.9125600961538461
FPR: 0.2
TPR: 0.8461538461538461
F1-score: 0.8461538461538461
