Number of rules: 15
Number of conditions: 35
Accuracy: 0.6035252119589469
Train AUC: 0.7636266666666667
AUC: 0.7069694806353739
FPR: 0.6503480278422273
TPR: 0.8386334336055007
F1-score: 0.6871478873239437
