Number of rules: 7
Number of conditions: 16
Accuracy: 0.5733407696597881
Train AUC: 0.9838435444934654
AUC: 0.5629173770736623
FPR: 0.7383918459796149
TPR: 0.8758241758241758
F1-score: 0.675710046629928
