Number of rules: 36
Number of conditions: 105
Accuracy: 0.6626119650558443
Train AUC: 0.9129324703851249
AUC: 0.5054472391427418
FPR: 0.2882035853077598
TPR: 0.2945590994371482
F1-score: 0.1706985593911389
