Number of rules: 7840
Number of conditions: 3920
Accuracy: 0.6168831168831169
Train AUC: 0.9451232890584125
AUC: 0.6707482993197279
FPR: 0.4380952380952381
TPR: 0.7346938775510204
F1-score: 0.549618320610687
