Number of rules: 11
Number of conditions: 21
Accuracy: 0.8108108108108109
Train AUC: 0.8973214285714286
AUC: 0.8117647058823529
FPR: 0.17647058823529413
TPR: 0.8
F1-score: 0.8205128205128205
