Number of rules: 109
Number of conditions: 201
Accuracy: 0.6320911202034722
Train AUC: 0.897314783006985
AUC: 0.4987139973954199
FPR: 0.3285696377084117
TPR: 0.33771106941838647
F1-score: 0.17790956263899185
