Accuracy: 0.7664491872166317
Train AUC: 0.969173634962438
AUC: 0.8725028758807274
FPR: 0.24758681208474365
TPR: 0.8714821763602252
F1-score: 0.4680100755667506
