Accuracy: 0.6298701298701299
Train AUC: 0.9147883580023966
AUC: 0.6847424684159378
FPR: 0.4095238095238095
TPR: 0.7142857142857143
F1-score: 0.5511811023622047
