Accuracy: 0.5666480758505298
Train AUC: 0.9985089070173978
AUC: 0.5559492484949966
FPR: 0.7581018518518519
TPR: 0.868675995694295
F1-score: 0.6750313676286074
