Number of rules: 13
Number of conditions: 34
Accuracy: 0.635
Train AUC: 0.9689147029538667
AUC: 0.7001578436134046
FPR: 0.3103448275862069
TPR: 0.6126760563380281
F1-score: 0.7044534412955465
