Number of rules: 31
Number of conditions: 61
Accuracy: 0.6103896103896104
Train AUC: 0.8544900255754475
AUC: 0.6219630709426629
FPR: 0.45714285714285713
TPR: 0.7551020408163265
F1-score: 0.5522388059701493
