Number of rules: 8
Number of conditions: 16
Accuracy: 0.5466666666666666
Train AUC: 0.9566694121366413
AUC: 0.6578947368421053
FPR: 0.5446428571428571
TPR: 0.8157894736842105
F1-score: 0.47692307692307695
