Number of rules: 96
Number of conditions: 264
Accuracy: 0.7382505805595488
Train AUC: 0.912887200585782
AUC: 0.8388194977069394
FPR: 0.26977560486398394
TPR: 0.798311444652908
F1-score: 0.41828459080855246
