Number of rules: 363
Number of conditions: 288
Accuracy: 0.8333333333333334
Train AUC: 0.8959276018099549
AUC: 0.8677248677248677
FPR: 0.19047619047619047
TPR: 0.8888888888888888
F1-score: 0.761904761904762
