Number of rules: 155
Number of conditions: 218
Accuracy: 0.615
Train AUC: 0.9853438740321426
AUC: 0.6787275376396309
FPR: 0.29310344827586204
TPR: 0.5774647887323944
F1-score: 0.6804979253112032
