Number of rules: 8
Number of conditions: 15
Accuracy: 0.3
Train AUC: 0.5446428571428571
AUC: 0.5852272727272727
FPR: 0.9545454545454546
TPR: 1.0
F1-score: 0.4324324324324324
