Number of rules: 373
Number of conditions: 745
Accuracy: 0.8081350729086723
Train AUC: 0.9096693247086377
AUC: 0.7900980392156863
FPR: 0.17647058823529413
TPR: 0.7566666666666667
F1-score: 0.6448863636363638
