Accuracy: 0.725
Train AUC: 0.9667519181585678
AUC: 0.8303571428571429
FPR: 0.25
TPR: 0.7142857142857143
F1-score: 0.7843137254901961
