Accuracy: 0.7600184246890834
Train AUC: 0.9524373829588015
AUC: 0.8334469736839722
FPR: 0.24096142193496264
TPR: 0.7631241997439181
F1-score: 0.6040030402837598
