Number of rules: 81
Number of conditions: 161
Accuracy: 0.62
Train AUC: 0.9224665874929099
AUC: 0.6589970859640601
FPR: 0.3448275862068966
TPR: 0.6056338028169014
F1-score: 0.6935483870967741
