Number of rules: 1404
Number of conditions: 1304
Accuracy: 0.39303482587064675
Train AUC: 0.9994072695070576
AUC: 0.6140090424455091
FPR: 0.6656288916562889
TPR: 0.8571428571428571
F1-score: 0.24066390041493776
