Number of rules: 12
Number of conditions: 45
Accuracy: 0.65
Train AUC: 0.948849104859335
AUC: 0.6607142857142857
FPR: 0.4166666666666667
TPR: 0.6785714285714286
F1-score: 0.7307692307692307
