Number of rules: 296
Number of conditions: 422
Accuracy: 0.7935533384497314
Train AUC: 0.986839217860319
AUC: 0.8457183942330032
FPR: 0.1586489252814739
TPR: 0.6503067484662577
F1-score: 0.6118326118326118
