Accuracy: 0.8127398311588642
Train AUC: 1.0
AUC: 0.7923798416505141
FPR: 0.16933867735470942
TPR: 0.7540983606557377
F1-score: 0.6534090909090908
