Number of rules: 9726
Number of conditions: 4863
Accuracy: 0.6103896103896104
Train AUC: 0.9450074142055328
AUC: 0.687463556851312
FPR: 0.44761904761904764
TPR: 0.7346938775510204
F1-score: 0.5454545454545455
