Number of rules: 142
Number of conditions: 283
Accuracy: 0.4885546831803605
Train AUC: 0.8104460093896713
AUC: 0.4647210989568743
FPR: 0.5137269650244453
TPR: 0.5056285178236398
F1-score: 0.1890233210590917
