Number of rules: 8
Number of conditions: 36
Accuracy: 0.36666666666666664
Train AUC: 0.7321428571428571
AUC: 0.3680555555555556
FPR: 0.5833333333333334
TPR: 0.16666666666666666
F1-score: 0.09523809523809522
