Number of rules: 4929
Number of conditions: 388
Accuracy: 0.7311046511627907
Train AUC: 0.9998367101959036
AUC: 0.7165759402449731
FPR: 0.4420289855072464
TPR: 0.9052478134110787
F1-score: 0.7704714640198512
