Accuracy: 0.747434181169121
Train AUC: 0.9743830739497509
AUC: 0.8042133503899048
FPR: 0.28097447795823666
TPR: 0.7737430167597765
F1-score: 0.7608282273399536
