Number of rules: 6
Number of conditions: 24
Accuracy: 0.7122141662018963
Train AUC: 0.8992706530795359
AUC: 0.7828252162027771
FPR: 0.3802145411203814
TPR: 0.7935010482180294
F1-score: 0.7458128078817734
