Number of rules: 427
Number of conditions: 327
Accuracy: 0.36666666666666664
Train AUC: 0.9409722222222222
AUC: 0.4930555555555556
FPR: 0.7083333333333334
TPR: 0.6666666666666666
F1-score: 0.2962962962962963
