Number of rules: 2217
Number of conditions: 2117
Accuracy: 0.7417735638594535
Train AUC: 0.9932122027815165
AUC: 0.8083659016230209
FPR: 0.33636363636363636
TPR: 0.8170865279299014
F1-score: 0.7631713554987213
