Number of rules: 20
Number of conditions: 63
Accuracy: 0.7841240595731613
Train AUC: 0.9622380325539606
AUC: 0.8439917335858118
FPR: 0.18864875782670168
TPR: 0.6978233034571063
F1-score: 0.6079196876742889
