Number of rules: 8
Number of conditions: 32
Accuracy: 0.7133333333333334
Train AUC: 0.9350895032888108
AUC: 0.7684445488721805
FPR: 0.30357142857142855
TPR: 0.7631578947368421
F1-score: 0.5742574257425742
