Accuracy: 0.5844155844155844
Train AUC: 0.9007893607893607
AUC: 0.68377065111759
FPR: 0.47619047619047616
TPR: 0.7142857142857143
F1-score: 0.5223880597014926
