Number of rules: 534
Number of conditions: 434
Accuracy: 0.1304588170259812
Train AUC: 0.9984326018808777
AUC: 0.4856075894878661
FPR: 0.9936828806064435
TPR: 1.0
F1-score: 0.22320987654320987
