Number of rules: 545
Number of conditions: 470
Accuracy: 0.7990314769975787
Train AUC: 0.9970827312138728
AUC: 0.8793972355205106
FPR: 0.1179245283018868
TPR: 0.7114427860696517
F1-score: 0.7750677506775068
