Number of rules: 2040
Number of conditions: 239
Accuracy: 0.7764050387596899
Train AUC: 0.9912324827814597
AUC: 0.8728872363300049
FPR: 0.08888888888888889
TPR: 0.640913508260447
F1-score: 0.740803145183937
