Number of rules: 267
Number of conditions: 350
Accuracy: 0.7590176515732924
Train AUC: 0.9871761854264505
AUC: 0.8314748165741542
FPR: 0.23476523476523475
TPR: 0.7384105960264901
F1-score: 0.5868421052631579
