Accuracy: 0.5786924939467313
Train AUC: 0.962412730001305
AUC: 0.7231436695687861
FPR: 0.1362530413625304
TPR: 0.2963855421686747
F1-score: 0.41414141414141414
