Number of rules: 19
Number of conditions: 37
Accuracy: 0.625
Train AUC: 0.8529411764705882
AUC: 0.5438871473354232
FPR: 0.6363636363636364
TPR: 0.7241379310344828
F1-score: 0.736842105263158
