Number of rules: 8
Number of conditions: 16
Accuracy: 0.3875069098949696
Train AUC: 0.9958141061369533
AUC: 0.6279471893629639
FPR: 0.6701863354037267
TPR: 0.8542713567839196
F1-score: 0.23480662983425413
