Number of rules: 108
Number of conditions: 284
Accuracy: 0.7611940298507462
Train AUC: 0.9305374483945913
AUC: 0.8415676464456953
FPR: 0.23452157598499063
TPR: 0.7285714285714285
F1-score: 0.41463414634146345
