Accuracy: 0.762854950115119
Train AUC: 1.0
AUC: 0.775751503006012
FPR: 0.24849699398797595
TPR: 0.8
F1-score: 0.6122961104140527
