Number of rules: 9
Number of conditions: 28
Accuracy: 0.4142430609311069
Train AUC: 0.9869971052417785
AUC: 0.575215011920999
FPR: 0.6380844929171368
TPR: 0.8058161350844277
F1-score: 0.24490377761938706
