Number of rules: 9
Number of conditions: 34
Accuracy: 0.6921360847741216
Train AUC: 0.9010356982631544
AUC: 0.7673028657051882
FPR: 0.42704626334519574
TPR: 0.7978947368421052
F1-score: 0.7330754352030948
