Number of rules: 23
Number of conditions: 53
Accuracy: 0.7077922077922078
Train AUC: 0.9563567088868293
AUC: 0.7582118561710398
FPR: 0.26666666666666666
TPR: 0.6530612244897959
F1-score: 0.5871559633027523
