Number of rules: 15
Number of conditions: 29
Accuracy: 0.33116883116883117
Train AUC: 0.901929169495361
AUC: 0.49125364431486884
FPR: 0.9714285714285714
TPR: 0.9795918367346939
F1-score: 0.4824120603015075
