Number of rules: 115
Number of conditions: 259
Accuracy: 0.40243228302929795
Train AUC: 0.9266630922594226
AUC: 0.44627005957814825
FPR: 0.6189881324172393
TPR: 0.5673076923076923
F1-score: 0.1791951404707669
