Number of rules: 4216
Number of conditions: 296
Accuracy: 0.655
Train AUC: 0.9801659475605708
AUC: 0.702161243322001
FPR: 0.3275862068965517
TPR: 0.647887323943662
F1-score: 0.7272727272727273
