Number of rules: 27
Number of conditions: 46
Accuracy: 0.615
Train AUC: 0.9170489485193773
AUC: 0.6917192812044682
FPR: 0.39655172413793105
TPR: 0.6197183098591549
F1-score: 0.6956521739130435
