Number of rules: 6
Number of conditions: 11
Accuracy: 0.3181818181818182
Train AUC: 0.9475597092419523
AUC: 0.5884353741496599
FPR: 1.0
TPR: 1.0
F1-score: 0.4827586206896552
