Number of rules: 661
Number of conditions: 561
Accuracy: 0.5484261501210653
Train AUC: 0.9614176888946888
AUC: 0.7312778318440531
FPR: 0.14960629921259844
TPR: 0.2898876404494382
F1-score: 0.4088748019017433
