Number of rules: 158
Number of conditions: 315
Accuracy: 0.7581759557807461
Train AUC: 0.8786633887559034
AUC: 0.76842085730815
FPR: 0.23348818420521106
TPR: 0.7317541613316261
F1-score: 0.5920745920745921
