Number of rules: 62
Number of conditions: 228
Accuracy: 0.7687651331719129
Train AUC: 0.9246615172251754
AUC: 0.840480671697361
FPR: 0.15892420537897312
TPR: 0.697841726618705
F1-score: 0.7529107373868046
