Accuracy: 0.5
Train AUC: 0.9644356104194999
AUC: 0.6262922932330828
FPR: 0.6160714285714286
TPR: 0.8421052631578947
F1-score: 0.46043165467625896
