Number of rules: 579
Number of conditions: 1157
Accuracy: 0.7389849414389291
Train AUC: 0.9328883931245133
AUC: 0.7405022858397716
FPR: 0.2308598351001178
TPR: 0.711864406779661
F1-score: 0.7417218543046357
