Number of rules: 9
Number of conditions: 34
Accuracy: 0.27551803530314656
Train AUC: 0.9582260596546311
AUC: 0.6807506900566435
FPR: 0.9477911646586346
TPR: 1.0
F1-score: 0.39409499358151473
