Number of rules: 7
Number of conditions: 15
Accuracy: 0.5705521472392638
Train AUC: 0.9854719886789312
AUC: 0.5602397386756104
FPR: 0.7526501766784452
TPR: 0.861228813559322
F1-score: 0.6786310517529215
