Number of rules: 2052
Number of conditions: 496
Accuracy: 0.5815217391304348
Train AUC: 0.9998300468645771
AUC: 0.6411057692307693
FPR: 0.275
TPR: 0.47115384615384615
F1-score: 0.5599999999999999
