Accuracy: 0.3
Train AUC: 0.9722222222222223
AUC: 0.6799999999999999
FPR: 0.84
TPR: 1.0
F1-score: 0.32258064516129037
