Accuracy: 0.4002211166390271
Train AUC: 0.9981850281087229
AUC: 0.5940496089535384
FPR: 0.6670878079595705
TPR: 0.8716814159292036
F1-score: 0.26639621365787697
