Number of rules: 100
Number of conditions: 206
Accuracy: 0.7810945273631841
Train AUC: 0.9309176987748417
AUC: 0.8513058812315318
FPR: 0.21871127633209417
TPR: 0.7794871794871795
F1-score: 0.43428571428571433
