Number of rules: 51
Number of conditions: 161
Accuracy: 0.4992732558139535
Train AUC: 0.9204937140124725
AUC: 0.7262613672107903
FPR: 0.9956521739130435
TPR: 0.9970845481049563
F1-score: 0.6650461837627614
