Number of rules: 178
Number of conditions: 355
Accuracy: 0.7736077481840193
Train AUC: 0.9188904226262152
AUC: 0.77331442696682
FPR: 0.2191142191142191
TPR: 0.7657430730478589
F1-score: 0.7647798742138364
