Number of rules: 103
Number of conditions: 323
Accuracy: 0.4040906578220011
Train AUC: 0.9424884493691834
AUC: 0.43209897929270047
FPR: 0.6203821656050955
TPR: 0.5648535564853556
F1-score: 0.20029673590504452
