Accuracy: 0.8158096699923254
Train AUC: 0.9850122678860203
AUC: 0.87347476295374
FPR: 0.16040609137055836
TPR: 0.7421383647798742
F1-score: 0.6629213483146067
