Number of rules: 278
Number of conditions: 555
Accuracy: 0.7927858787413661
Train AUC: 0.9266296501622721
AUC: 0.740207282842808
FPR: 0.15455475946775846
TPR: 0.6349693251533742
F1-score: 0.605263157894737
