Number of rules: 17
Number of conditions: 43
Accuracy: 0.6231593038821954
Train AUC: 0.7570966499807471
AUC: 0.7221192358044424
FPR: 0.5895591647331787
TPR: 0.8201547056295659
F1-score: 0.6932437341082456
