Number of rules: 4005
Number of conditions: 85
Accuracy: 0.33766233766233766
Train AUC: 0.9940047961630696
AUC: 0.6092322643343052
FPR: 0.9714285714285714
TPR: 1.0
F1-score: 0.48999999999999994
