Number of rules: 3996
Number of conditions: 663
Accuracy: 0.657608695652174
Train AUC: 0.9999075331299062
AUC: 0.6608173076923077
FPR: 0.55
TPR: 0.8173076923076923
F1-score: 0.7296137339055793
