Number of rules: 15
Number of conditions: 29
Accuracy: 0.2
Train AUC: 0.7083333333333333
AUC: 0.4074074074074074
FPR: 0.8518518518518519
TPR: 0.6666666666666666
F1-score: 0.14285714285714285
