Number of rules: 6
Number of conditions: 27
Accuracy: 0.6408254322364751
Train AUC: 0.7966592349110393
AUC: 0.724170990580711
FPR: 0.5865168539325842
TPR: 0.8648947951273532
F1-score: 0.7080689029918406
