Number of rules: 17
Number of conditions: 46
Accuracy: 0.7512548800892359
Train AUC: 0.9698567357409514
AUC: 0.8155307008157355
FPR: 0.23640399556048836
TPR: 0.7387892376681614
F1-score: 0.7471655328798187
