Number of rules: 9845
Number of conditions: 5283
Accuracy: 0.7675418393981268
Train AUC: 0.9619218813353155
AUC: 0.8444439889922519
FPR: 0.2292466168450818
TPR: 0.7573623559539052
F1-score: 0.6097938144329896
