Number of rules: 5
Number of conditions: 9
Accuracy: 0.34415584415584416
Train AUC: 0.9105722683264177
AUC: 0.5862973760932945
FPR: 0.9619047619047619
TPR: 1.0
F1-score: 0.4924623115577889
