Accuracy: 0.7833563641946876
Train AUC: 0.9170793372197497
AUC: 0.8239529721617563
FPR: 0.14744496061401738
TPR: 0.5640204865556978
F1-score: 0.5553104317680428
