Number of rules: 378
Number of conditions: 303
Accuracy: 0.7741935483870968
Train AUC: 0.8771929824561403
AUC: 0.8445378151260503
FPR: 0.17647058823529413
TPR: 0.7142857142857143
F1-score: 0.7407407407407408
