Number of rules: 2941
Number of conditions: 2841
Accuracy: 0.6101505856107083
Train AUC: 0.9708678116857747
AUC: 0.6985429342889495
FPR: 0.6067415730337079
TPR: 0.8239202657807309
F1-score: 0.6803840877914951
