Number of rules: 4
Number of conditions: 7
Accuracy: 0.23982803623522186
Train AUC: 0.9232339432820587
AUC: 0.7223740156737049
FPR: 1.0
TPR: 1.0
F1-score: 0.38687306501547986
