Number of rules: 31
Number of conditions: 61
Accuracy: 0.65
Train AUC: 0.7365728900255755
AUC: 0.6175548589341693
FPR: 0.45454545454545453
TPR: 0.6896551724137931
F1-score: 0.7407407407407408
