Number of rules: 65
Number of conditions: 215
Accuracy: 0.501937984496124
Train AUC: 0.9909119755447898
AUC: 0.7300597878903112
FPR: 0.0
TPR: 0.0009718172983479105
F1-score: 0.001941747572815534
