Number of rules: 4175
Number of conditions: 255
Accuracy: 0.7671126838438571
Train AUC: 0.9702424242424242
AUC: 0.8845822217298749
FPR: 0.24746145167356148
TPR: 0.8761726078799249
F1-score: 0.47005535983895325
