Number of rules: 102
Number of conditions: 294
Accuracy: 0.7562189054726368
Train AUC: 0.9403807796664939
AUC: 0.8583889795441002
FPR: 0.24968394437420985
TPR: 0.7973568281938326
F1-score: 0.4508094645080946
