Number of rules: 17
Number of conditions: 39
Accuracy: 0.5774818401937046
Train AUC: 0.9630244355996346
AUC: 0.7427963615023475
FPR: 0.14084507042253522
TPR: 0.2775
F1-score: 0.3887915936952715
