Number of rules: 5
Number of conditions: 9
Accuracy: 0.5945945945945946
Train AUC: 0.9160839160839161
AUC: 0.5636363636363636
FPR: 0.6
TPR: 0.7272727272727273
F1-score: 0.6808510638297872
