Number of rules: 279
Number of conditions: 235
Accuracy: 0.8142177184093352
Train AUC: 0.8268647348048959
AUC: 0.8358190031838262
FPR: 0.06665320137345991
TPR: 0.43661971830985913
F1-score: 0.5299145299145298
