Accuracy: 0.16666666666666666
Train AUC: 0.6517857142857143
AUC: 0.44799999999999995
FPR: 1.0
TPR: 1.0
F1-score: 0.2857142857142857
