Number of rules: 11
Number of conditions: 21
Accuracy: 0.75
Train AUC: 0.47297297297297297
AUC: 0.5333333333333333
FPR: 0.9
TPR: 0.9666666666666667
F1-score: 0.8529411764705883
