Accuracy: 0.11885019347705915
Train AUC: 0.9975983415916674
AUC: 0.4780233574745101
FPR: 0.9974953036944271
TPR: 0.9952830188679245
F1-score: 0.20932539682539683
