Number of rules: 12
Number of conditions: 40
Accuracy: 0.75
Train AUC: 0.972972972972973
AUC: 0.6523297491039426
FPR: 1.0
TPR: 0.967741935483871
F1-score: 0.8571428571428572
