Number of rules: 244
Number of conditions: 313
Accuracy: 0.8205128205128205
Train AUC: 0.8204027087808807
AUC: 0.8496303466675081
FPR: 0.05291860230256514
TPR: 0.4193341869398207
F1-score: 0.5284388866478419
