Number of rules: 0
Number of conditions: 0
Accuracy: 0.25172678434382195
Train AUC: 0.5
AUC: 0.5
FPR: 1.0
TPR: 1.0
F1-score: 0.40220723482526055
