Number of rules: 189
Number of conditions: 377
Accuracy: 0.7257920571173583
Train AUC: 0.9271430352610897
AUC: 0.7437433258519728
FPR: 0.3146171693735499
TPR: 0.7632144391920929
F1-score: 0.7429408073624765
