Number of rules: 10
Number of conditions: 19
Accuracy: 0.6486486486486487
Train AUC: 1.0
AUC: 0.6491228070175439
FPR: 0.3684210526315789
TPR: 0.6666666666666666
F1-score: 0.6486486486486486
