Number of rules: 2317
Number of conditions: 2217
Accuracy: 0.8012279355333844
Train AUC: 0.9934672510770013
AUC: 0.8667886980506071
FPR: 0.1603585657370518
TPR: 0.6722408026755853
F1-score: 0.6081694402420575
