Accuracy: 0.1235209554351432
Train AUC: 0.9949915397631134
AUC: 0.3861566943988357
FPR: 0.9928544565626175
TPR: 0.9943714821763602
F1-score: 0.21102926537925543
