Number of rules: 9
Number of conditions: 37
Accuracy: 0.7138873396542108
Train AUC: 0.8978952765493815
AUC: 0.7780538876520166
FPR: 0.37544696066746125
TPR: 0.7924528301886793
F1-score: 0.7466666666666667
