Number of rules: 6
Number of conditions: 15
Accuracy: 0.7297297297297297
Train AUC: 1.0
AUC: 0.8742690058479532
FPR: 0.4444444444444444
TPR: 0.8947368421052632
F1-score: 0.7727272727272727
