Number of rules: 7472
Number of conditions: 7120
Accuracy: 0.7133333333333334
Train AUC: 0.9914191507136636
AUC: 0.7657424812030075
FPR: 0.2767857142857143
TPR: 0.6842105263157895
F1-score: 0.5473684210526316
