Number of rules: 17
Number of conditions: 46
Accuracy: 0.6118237590630229
Train AUC: 0.8624449594778385
AUC: 0.7355562606542486
FPR: 0.6400885935769657
TPR: 0.8674157303370786
F1-score: 0.6892857142857143
