Number of rules: 6
Number of conditions: 16
Accuracy: 0.705
Train AUC: 0.9651843547583459
AUC: 0.6224502185526956
FPR: 0.8793103448275862
TPR: 0.9436619718309859
F1-score: 0.8195718654434251
