Number of rules: 294
Number of conditions: 587
Accuracy: 0.795088257866462
Train AUC: 0.9336200524352355
AUC: 0.747809784132324
FPR: 0.15955284552845528
TPR: 0.6551724137931034
F1-score: 0.6102189781021897
