Number of rules: 9
Number of conditions: 21
Accuracy: 0.5705521472392638
Train AUC: 0.9790154416049279
AUC: 0.6455810677735812
FPR: 0.747086247086247
TPR: 0.8620320855614974
F1-score: 0.6767422334172964
