Number of rules: 150
Number of conditions: 75
Accuracy: 0.7227602905569007
Train AUC: 1.0
AUC: 0.7275650051628649
FPR: 0.4528301886792453
TPR: 0.9079601990049752
F1-score: 0.7612095933263817
