Number of rules: 8
Number of conditions: 36
Accuracy: 0.6333333333333333
Train AUC: 0.912037037037037
AUC: 0.7534722222222222
FPR: 0.4583333333333333
TPR: 1.0
F1-score: 0.5217391304347826
