Number of rules: 114
Number of conditions: 247
Accuracy: 0.69
Train AUC: 0.9779620700739313
AUC: 0.577950461389024
FPR: 0.9310344827586207
TPR: 0.9436619718309859
F1-score: 0.8121212121212121
