Number of rules: 15
Number of conditions: 53
Accuracy: 0.7902656226009519
Train AUC: 0.9574245190425095
AUC: 0.842808304999753
FPR: 0.17531811755200968
TPR: 0.6811779769526248
F1-score: 0.6090440755580996
