Number of rules: 93
Number of conditions: 185
Accuracy: 0.8231229847996315
Train AUC: 0.9241940476341911
AUC: 0.818986632377582
FPR: 0.07251060391840032
TPR: 0.49231754161331626
F1-score: 0.5717472118959108
