Number of rules: 61
Number of conditions: 121
Accuracy: 0.5508720930232558
Train AUC: 0.9266513056835637
AUC: 0.5742876860889283
FPR: 0.08115942028985507
TPR: 0.18075801749271136
F1-score: 0.2863741339491917
