Number of rules: 11329
Number of conditions: 7107
Accuracy: 0.26
Train AUC: 0.8999536792385129
AUC: 0.5176221804511278
FPR: 0.9553571428571429
TPR: 0.8947368421052632
F1-score: 0.37988826815642457
