Number of rules: 63
Number of conditions: 125
Accuracy: 0.40760809465885217
Train AUC: 0.9627081839941982
AUC: 0.6255732651636118
FPR: 0.6528770214366303
TPR: 0.8602251407129456
F1-score: 0.25504102350159924
