Number of rules: 14
Number of conditions: 30
Accuracy: 0.7066666666666667
Train AUC: 0.961519817442642
AUC: 0.791470864661654
FPR: 0.30357142857142855
TPR: 0.7368421052631579
F1-score: 0.56
