Number of rules: 15
Number of conditions: 29
Accuracy: 0.8050847457627118
Train AUC: 0.9772886134688242
AUC: 0.8829601355590344
FPR: 0.1882640586797066
TPR: 0.7985611510791367
F1-score: 0.8053204353083434
