Accuracy: 0.7651221939621807
Train AUC: 0.9696185241530483
AUC: 0.870243272109002
FPR: 0.24909113701892943
TPR: 0.8714821763602252
F1-score: 0.46659969864389755
