Number of rules: 60
Number of conditions: 119
Accuracy: 0.25103638876093964
Train AUC: 0.7928275960441232
AUC: 0.5210762010597582
FPR: 0.9852555039385983
TPR: 1.0
F1-score: 0.3904023994001499
