Number of rules: 61
Number of conditions: 164
Accuracy: 0.7300242130750605
Train AUC: 1.0
AUC: 0.7206979034754467
FPR: 0.4441747572815534
TPR: 0.9033816425120773
F1-score: 0.7703398558187435
