Number of rules: 6
Number of conditions: 18
Accuracy: 0.5
Train AUC: 0.7763975155279502
AUC: 0.4952153110047847
FPR: 0.42105263157894735
TPR: 0.36363636363636365
F1-score: 0.34782608695652173
