Number of rules: 8482
Number of conditions: 4017
Accuracy: 0.34
Train AUC: 0.900468861822876
AUC: 0.5465225563909775
FPR: 0.8392857142857143
TPR: 0.868421052631579
F1-score: 0.39999999999999997
