Number of rules: 12
Number of conditions: 52
Accuracy: 0.525
Train AUC: 0.9232736572890026
AUC: 0.5238095238095237
FPR: 0.4166666666666667
TPR: 0.5
F1-score: 0.5957446808510638
