Number of rules: 2766
Number of conditions: 2666
Accuracy: 0.7412158393753486
Train AUC: 0.9927850062885547
AUC: 0.8215585135054202
FPR: 0.21083627797408716
TPR: 0.698093220338983
F1-score: 0.7396184062850729
