Number of rules: 15
Number of conditions: 29
Accuracy: 0.8184019370460048
Train AUC: 0.9801110164762548
AUC: 0.8938455765081154
FPR: 0.17647058823529413
TPR: 0.8133971291866029
F1-score: 0.8192771084337348
