Number of rules: 8
Number of conditions: 34
Accuracy: 0.4666666666666667
Train AUC: 0.8529411764705882
AUC: 0.5317460317460319
FPR: 0.5714285714285714
TPR: 0.5555555555555556
F1-score: 0.3846153846153846
