Number of rules: 20
Number of conditions: 69
Accuracy: 0.65
Train AUC: 0.9925
AUC: 0.7648902821316614
FPR: 0.18181818181818182
TPR: 0.5862068965517241
F1-score: 0.7083333333333333
