Number of rules: 7726
Number of conditions: 3261
Accuracy: 0.7337662337662337
Train AUC: 0.9701726137066673
AUC: 0.7605442176870748
FPR: 0.23809523809523808
TPR: 0.673469387755102
F1-score: 0.6168224299065421
