Number of rules: 13
Number of conditions: 28
Accuracy: 0.6129032258064516
Train AUC: 0.7850877192982456
AUC: 0.6794871794871795
FPR: 0.3888888888888889
TPR: 0.6153846153846154
F1-score: 0.5714285714285715
