Number of rules: 362
Number of conditions: 262
Accuracy: 0.7027027027027027
Train AUC: 0.9966666666666666
AUC: 0.7222222222222222
FPR: 0.10526315789473684
TPR: 0.5
F1-score: 0.6206896551724137
