Number of rules: 7
Number of conditions: 24
Accuracy: 0.6385945343000557
Train AUC: 0.8104270762650874
AUC: 0.7069579026030639
FPR: 0.5910138248847926
TPR: 0.8540540540540541
F1-score: 0.7091561938958707
