Number of rules: 9726
Number of conditions: 4863
Accuracy: 0.8020833333333334
Train AUC: 0.9871267779237419
AUC: 0.8897632897189242
FPR: 0.21497584541062803
TPR: 0.8192419825072886
F1-score: 0.8049653855335404
