Number of rules: 68
Number of conditions: 184
Accuracy: 0.7445520581113801
Train AUC: 1.0
AUC: 0.7710416666666666
FPR: 0.4275
TPR: 0.9061032863849765
F1-score: 0.7853509664292981
