Number of rules: 9188
Number of conditions: 6191
Accuracy: 0.635
Train AUC: 0.9682876877870072
AUC: 0.6781204468188441
FPR: 0.3793103448275862
TPR: 0.6408450704225352
F1-score: 0.7137254901960784
