Number of rules: 51
Number of conditions: 101
Accuracy: 0.3051948051948052
Train AUC: 0.909488928180517
AUC: 0.4839650145772595
FPR: 0.9809523809523809
TPR: 0.9183673469387755
F1-score: 0.4568527918781726
