Number of rules: 120
Number of conditions: 309
Accuracy: 0.7595356550580431
Train AUC: 0.930499841214127
AUC: 0.8418207808451712
FPR: 0.23639774859287055
TPR: 0.7285714285714285
F1-score: 0.41295546558704455
