Number of rules: 505
Number of conditions: 405
Accuracy: 0.8108108108108109
Train AUC: 0.97953216374269
AUC: 0.8685897435897435
FPR: 0.15384615384615385
TPR: 0.7916666666666666
F1-score: 0.8444444444444444
