Number of rules: 17
Number of conditions: 33
Accuracy: 0.7
Train AUC: 0.8257918552036198
AUC: 0.7049689440993789
FPR: 0.30434782608695654
TPR: 0.7142857142857143
F1-score: 0.5263157894736842
