Number of rules: 227
Number of conditions: 279
Accuracy: 0.7600184246890834
Train AUC: 0.9488365573310906
AUC: 0.8469338829103965
FPR: 0.2524742476267421
TPR: 0.7996158770806658
F1-score: 0.6151194287121399
