Number of rules: 23656
Number of conditions: 18632
Accuracy: 0.5990629183400268
Train AUC: 0.9378266666666666
AUC: 0.6744351090846185
FPR: 0.6454756380510441
TPR: 0.8255264288783842
F1-score: 0.6813264763255897
