Number of rules: 142
Number of conditions: 283
Accuracy: 0.5066666666666667
Train AUC: 0.9412802209687349
AUC: 0.6844454887218046
FPR: 0.5982142857142857
TPR: 0.8157894736842105
F1-score: 0.45588235294117646
