Number of rules: 208
Number of conditions: 415
Accuracy: 0.64
Train AUC: 0.8886867736040264
AUC: 0.6865590092277805
FPR: 0.3793103448275862
TPR: 0.647887323943662
F1-score: 0.7187500000000001
