Number of rules: 9294
Number of conditions: 8942
Accuracy: 0.6333333333333333
Train AUC: 0.9786718905694138
AUC: 0.7404840225563909
FPR: 0.4375
TPR: 0.8421052631578947
F1-score: 0.5378151260504201
