Number of rules: 7984
Number of conditions: 3431
Accuracy: 0.8532608695652174
Train AUC: 0.9949154267525353
AUC: 0.8953125000000001
FPR: 0.2
TPR: 0.8942307692307693
F1-score: 0.8732394366197184
