Number of rules: 1880
Number of conditions: 1780
Accuracy: 0.7551803530314658
Train AUC: 0.995345402211786
AUC: 0.8319425058158856
FPR: 0.25124626121635096
TPR: 0.7766666666666666
F1-score: 0.5936305732484076
