Number of rules: 33
Number of conditions: 65
Accuracy: 0.12263629326550923
Train AUC: 0.6924702950469493
AUC: 0.49944411007161543
FPR: 0.9933558982073462
TPR: 0.9906191369606003
F1-score: 0.21023292852876765
