Number of rules: 38
Number of conditions: 116
Accuracy: 0.5890744222050205
Train AUC: 0.9248705404400195
AUC: 0.47911379126809467
FPR: 0.3789645230036355
TPR: 0.349906191369606
F1-score: 0.1671896010757508
