Number of rules: 704
Number of conditions: 352
Accuracy: 0.7754360465116279
Train AUC: 0.9910077506589504
AUC: 0.8761273315399314
FPR: 0.09613526570048309
TPR: 0.6462585034013606
F1-score: 0.7415667688876498
