Number of rules: 118
Number of conditions: 192
Accuracy: 0.5438460687824836
Train AUC: 0.9312035524376963
AUC: 0.6260479530620515
FPR: 0.4620784756174
TPR: 0.5881801125703565
F1-score: 0.2331288343558282
