Number of rules: 125
Number of conditions: 280
Accuracy: 0.61
Train AUC: 0.9131102150195685
AUC: 0.6669499757163672
FPR: 0.46551724137931033
TPR: 0.6408450704225352
F1-score: 0.7000000000000002
