Number of rules: 15
Number of conditions: 35
Accuracy: 0.645
Train AUC: 0.9719039999999999
AUC: 0.7083535696940263
FPR: 0.3103448275862069
TPR: 0.6267605633802817
F1-score: 0.7148594377510041
