Number of rules: 197
Number of conditions: 207
Accuracy: 0.735993860322333
Train AUC: 0.9947911932535475
AUC: 0.8316500583535327
FPR: 0.2765957446808511
TPR: 0.7753164556962026
F1-score: 0.5875299760191847
