Number of rules: 16
Number of conditions: 31
Accuracy: 0.4
Train AUC: 0.9791666666666667
AUC: 0.4688995215311005
FPR: 0.7894736842105263
TPR: 0.7272727272727273
F1-score: 0.4705882352941176
