Accuracy: 0.2747505755947813
Train AUC: 1.0
AUC: 0.5265531062124249
FPR: 0.9468937875751503
TPR: 1.0
F1-score: 0.3922829581993569
