Number of rules: 6986
Number of conditions: 2521
Accuracy: 0.3021649009672962
Train AUC: 0.9576834723733526
AUC: 0.7227979525857888
FPR: 0.91739042617653
TPR: 0.9980793854033291
F1-score: 0.406890251859585
