Number of rules: 111
Number of conditions: 400
Accuracy: 0.4090657822001106
Train AUC: 0.9981984671055796
AUC: 0.679937276035756
FPR: 0.6557169930511687
TPR: 0.8628318584070797
F1-score: 0.26730637422892395
