Number of rules: 8051
Number of conditions: 7699
Accuracy: 0.75111557340473
Train AUC: 0.981650110375276
AUC: 0.8304574215528991
FPR: 0.17703016241299305
TPR: 0.684572410829394
F1-score: 0.7406718586539579
