Number of rules: 183
Number of conditions: 211
Accuracy: 0.7935533384497314
Train AUC: 0.9874993687825078
AUC: 0.8315393216055468
FPR: 0.15084915084915085
TPR: 0.609271523178808
F1-score: 0.5777080062794349
