Accuracy: 0.7390673806336457
Train AUC: 0.9676786274714928
AUC: 0.8290953469659609
FPR: 0.15127610208816705
TPR: 0.6375161151697465
F1-score: 0.7172730569321889
