Number of rules: 101
Number of conditions: 145
Accuracy: 0.6266725644144642
Train AUC: 0.9038290493676051
AUC: 0.5036824914781968
FPR: 0.3368434248464335
TPR: 0.35365853658536583
F1-score: 0.18256658595641648
