Number of rules: 120
Number of conditions: 332
Accuracy: 0.7517416786464669
Train AUC: 0.9208404040404041
AUC: 0.8460919303410062
FPR: 0.25322803058794036
TPR: 0.7889305816135085
F1-score: 0.4283167812579577
