Number of rules: 83
Number of conditions: 157
Accuracy: 0.38916528468767275
Train AUC: 0.9980216381995705
AUC: 0.651519241268887
FPR: 0.6699875466998755
TPR: 0.8571428571428571
F1-score: 0.23950447350309703
