Number of rules: 6315
Number of conditions: 2093
Accuracy: 0.2418240442192538
Train AUC: 0.9773391976066621
AUC: 0.6807644493501099
FPR: 0.9973742678246819
TPR: 1.0
F1-score: 0.3874968990324981
