Accuracy: 0.23177283192632386
Train AUC: 0.9147376543209876
AUC: 0.5570870721169824
FPR: 0.9980059820538385
TPR: 1.0
F1-score: 0.3747657713928794
