Number of rules: 106
Number of conditions: 211
Accuracy: 0.7784503631961259
Train AUC: 0.964950626204239
AUC: 0.78064864357458
FPR: 0.13681592039800994
TPR: 0.6981132075471698
F1-score: 0.7638709677419355
