Number of rules: 20
Number of conditions: 48
Accuracy: 0.6447295036252092
Train AUC: 0.8717052794839483
AUC: 0.742738935135068
FPR: 0.5865168539325842
TPR: 0.8726467331118494
F1-score: 0.7121554450971532
