Number of rules: 28
Number of conditions: 55
Accuracy: 0.7744670542635659
Train AUC: 0.981673135861338
AUC: 0.7994758289789345
FPR: 0.09130434782608696
TPR: 0.6394557823129252
F1-score: 0.7387033398821218
