Number of rules: 160
Number of conditions: 421
Accuracy: 0.625
Train AUC: 0.9607594666666667
AUC: 0.6908693540553666
FPR: 0.3620689655172414
TPR: 0.6197183098591549
F1-score: 0.7011952191235059
