Number of rules: 470
Number of conditions: 395
Accuracy: 0.5806451612903226
Train AUC: 0.9342105263157895
AUC: 0.6919191919191918
FPR: 0.45454545454545453
TPR: 0.6666666666666666
F1-score: 0.4800000000000001
