Number of rules: 20
Number of conditions: 39
Accuracy: 0.5806451612903226
Train AUC: 0.7850877192982456
AUC: 0.5854700854700855
FPR: 0.4444444444444444
TPR: 0.6153846153846154
F1-score: 0.5517241379310345
