Number of rules: 5078
Number of conditions: 2081
Accuracy: 0.40893508791330313
Train AUC: 0.9974203222690998
AUC: 0.6139503205863198
FPR: 0.6517487777359909
TPR: 0.8630393996247655
F1-score: 0.25608907446068196
