Number of rules: 3359
Number of conditions: 660
Accuracy: 0.8006298449612403
Train AUC: 0.9918321871142532
AUC: 0.8793127326845162
FPR: 0.21014492753623187
TPR: 0.8114674441205053
F1-score: 0.8023060293057892
