Number of rules: 55
Number of conditions: 211
Accuracy: 0.7567567567567568
Train AUC: 0.9066666666666666
AUC: 0.8818181818181818
FPR: 0.09090909090909091
TPR: 0.5333333333333333
F1-score: 0.64
