Number of rules: 41
Number of conditions: 120
Accuracy: 0.611301559217074
Train AUC: 0.9164320685434517
AUC: 0.49331985414915913
FPR: 0.35288955747774853
TPR: 0.3433395872420263
F1-score: 0.17235695785260183
