Number of rules: 46
Number of conditions: 74
Accuracy: 0.500484496124031
Train AUC: 0.7610488697630707
AUC: 0.727208302230485
FPR: 0.9917874396135266
TPR: 0.9956268221574344
F1-score: 0.6652597402597403
