Number of rules: 157
Number of conditions: 313
Accuracy: 0.5
Train AUC: 0.9318244349819849
AUC: 0.6213580827067668
FPR: 0.5982142857142857
TPR: 0.7894736842105263
F1-score: 0.4444444444444445
