Number of rules: 4110
Number of conditions: 190
Accuracy: 0.71
Train AUC: 0.9838752796499275
AUC: 0.611583292860612
FPR: 0.8793103448275862
TPR: 0.9507042253521126
F1-score: 0.8231707317073169
