Number of rules: 706
Number of conditions: 148
Accuracy: 0.71
Train AUC: 0.9815648343229266
AUC: 0.6496478873239436
FPR: 0.9137931034482759
TPR: 0.9647887323943662
F1-score: 0.8253012048192772
