Number of rules: 169
Number of conditions: 214
Accuracy: 0.8140641793336404
Train AUC: 0.8165014046204959
AUC: 0.8448286162135406
FPR: 0.06645122197535851
TPR: 0.4353393085787452
F1-score: 0.5289770517308441
