Number of rules: 15
Number of conditions: 33
Accuracy: 0.7066666666666667
Train AUC: 0.9691582680104516
AUC: 0.7986372180451128
FPR: 0.30357142857142855
TPR: 0.7368421052631579
F1-score: 0.56
