Number of rules: 1418
Number of conditions: 1343
Accuracy: 0.5968523002421308
Train AUC: 0.9572458567140806
AUC: 0.7449561133489297
FPR: 0.12469437652811736
TPR: 0.3237410071942446
F1-score: 0.4477611940298507
