Number of rules: 20
Number of conditions: 39
Accuracy: 0.842391304347826
Train AUC: 0.96536577781233
AUC: 0.9189302884615385
FPR: 0.2125
TPR: 0.8846153846153846
F1-score: 0.863849765258216
