Number of rules: 2348
Number of conditions: 2248
Accuracy: 0.7705914870093975
Train AUC: 0.9870269155983442
AUC: 0.8929977667258864
FPR: 0.2484197218710493
TPR: 0.9030837004405287
F1-score: 0.49696969696969695
