Number of rules: 1576
Number of conditions: 1476
Accuracy: 0.27935533384497313
Train AUC: 0.9820722135007849
AUC: 0.7387072720850829
FPR: 0.9417670682730924
TPR: 0.996742671009772
F1-score: 0.3945841392649903
