Accuracy: 0.5333333333333333
Train AUC: 0.9814814814814815
AUC: 0.776
FPR: 0.56
TPR: 1.0
F1-score: 0.4166666666666667
