Number of rules: 11
Number of conditions: 21
Accuracy: 0.6486486486486487
Train AUC: 0.9736842105263157
AUC: 0.6614906832298137
FPR: 0.2857142857142857
TPR: 0.6086956521739131
F1-score: 0.6829268292682927
