Number of rules: 11
Number of conditions: 34
Accuracy: 0.30661753416244436
Train AUC: 0.9011808326280579
AUC: 0.7096087754746839
FPR: 0.9111290648353868
TPR: 0.9967989756722151
F1-score: 0.40812581913499346
