Accuracy: 0.8035303146584805
Train AUC: 0.9928103669311528
AUC: 0.8526820985294492
FPR: 0.15142276422764228
TPR: 0.664576802507837
F1-score: 0.6235294117647059
