Number of rules: 5
Number of conditions: 17
Accuracy: 0.6982373940205265
Train AUC: 0.8631071680612965
AUC: 0.7622820775382702
FPR: 0.3496519721577726
TPR: 0.7425870219166308
F1-score: 0.7187272538213579
