Number of rules: 78
Number of conditions: 155
Accuracy: 0.48147738582328875
Train AUC: 0.9595045326414249
AUC: 0.613186515829633
FPR: 0.5440641845305253
TPR: 0.6726078799249531
F1-score: 0.23419892209701126
