Accuracy: 0.3181818181818182
Train AUC: 0.9572422890179898
AUC: 0.5106899902818269
FPR: 1.0
TPR: 1.0
F1-score: 0.4827586206896552
