Accuracy: 0.836480884385076
Train AUC: 0.9602761795166859
AUC: 0.8685491051743708
FPR: 0.07109674813169056
TPR: 0.5435339308578745
F1-score: 0.6145494028230184
