Accuracy: 0.5806451612903226
Train AUC: 0.9407894736842105
AUC: 0.6919191919191919
FPR: 0.5
TPR: 0.7777777777777778
F1-score: 0.5185185185185185
