Accuracy: 0.7720644666155027
Train AUC: 0.9947002979346564
AUC: 0.8344520447143287
FPR: 0.23225152129817445
TPR: 0.7854889589905363
F1-score: 0.6264150943396226
