Number of rules: 8
Number of conditions: 31
Accuracy: 0.6
Train AUC: 0.3819444444444445
AUC: 0.6124401913875599
FPR: 0.47368421052631576
TPR: 0.7272727272727273
F1-score: 0.5714285714285714
