Number of rules: 28
Number of conditions: 122
Accuracy: 0.5045891850049762
Train AUC: 0.9858342941854719
AUC: 0.6362140826546114
FPR: 0.5149805691362668
TPR: 0.651031894934334
F1-score: 0.2365371506475801
