Accuracy: 0.7574827321565618
Train AUC: 0.9946548502752108
AUC: 0.8257128614157527
FPR: 0.24925224327018944
TPR: 0.78
F1-score: 0.5969387755102041
