Accuracy: 0.63
Train AUC: 0.9898210249682227
AUC: 0.6748421563865954
FPR: 0.2413793103448276
TPR: 0.5774647887323944
F1-score: 0.6890756302521008
