Number of rules: 45
Number of conditions: 89
Accuracy: 0.8011143410852714
Train AUC: 0.9637412693592469
AUC: 0.857202363346995
FPR: 0.20917874396135266
TPR: 0.8114674441205053
F1-score: 0.8026916606584954
