Accuracy: 0.62
Train AUC: 0.9704883416228868
AUC: 0.7390742481203008
FPR: 0.44642857142857145
TPR: 0.8157894736842105
F1-score: 0.5210084033613445
