Number of rules: 97
Number of conditions: 193
Accuracy: 0.7711864406779662
Train AUC: 0.9455262524084779
AUC: 0.7694148561775609
FPR: 0.14928909952606634
TPR: 0.6881188118811881
F1-score: 0.7463087248322148
