Number of rules: 7
Number of conditions: 19
Accuracy: 0.5755716675962075
Train AUC: 0.9790966036793474
AUC: 0.6519501888485846
FPR: 0.7342657342657343
TPR: 0.8598930481283422
F1-score: 0.6787674124102997
