Number of rules: 28
Number of conditions: 77
Accuracy: 0.3687119955776672
Train AUC: 0.9515462620967207
AUC: 0.4459662263003703
FPR: 0.6620253164556962
TPR: 0.5807860262008734
F1-score: 0.18892045454545453
