Number of rules: 14
Number of conditions: 50
Accuracy: 0.36666666666666664
Train AUC: 0.8715277777777778
AUC: 0.507177033492823
FPR: 0.8421052631578947
TPR: 0.7272727272727273
F1-score: 0.4571428571428572
