Number of rules: 7840
Number of conditions: 3920
Accuracy: 0.8013565891472868
Train AUC: 0.9909331964759217
AUC: 0.8887280930315535
FPR: 0.2111111111111111
TPR: 0.8138969873663752
F1-score: 0.8033573141486811
