Accuracy: 0.7751937984496124
Train AUC: 0.989365026368057
AUC: 0.8456312821885138
FPR: 0.08599033816425121
TPR: 0.6355685131195336
F1-score: 0.7381489841986456
