Number of rules: 8
Number of conditions: 23
Accuracy: 0.6971556051310652
Train AUC: 0.8399051226767283
AUC: 0.7587987381388795
FPR: 0.2795321637426901
TPR: 0.67590618336887
F1-score: 0.7001656543346219
