Number of rules: 19
Number of conditions: 43
Accuracy: 0.715194109772423
Train AUC: 0.941689243427654
AUC: 0.8209404479045045
FPR: 0.09211136890951276
TPR: 0.5367425870219167
F1-score: 0.6618095111935355
