Number of rules: 70
Number of conditions: 205
Accuracy: 0.7279554263565892
Train AUC: 0.9832826680374361
AUC: 0.7339287474824298
FPR: 0.43816425120772945
TPR: 0.8950437317784257
F1-score: 0.7663823590597046
