Number of rules: 17
Number of conditions: 29
Accuracy: 0.5933333333333334
Train AUC: 0.9056092909935389
AUC: 0.721921992481203
FPR: 0.4642857142857143
TPR: 0.7631578947368421
F1-score: 0.4873949579831933
