Accuracy: 0.3598673300165838
Train AUC: 0.9581661966983068
AUC: 0.4445043362321626
FPR: 0.670206121174266
TPR: 0.5913461538461539
F1-score: 0.1752136752136752
