Number of rules: 70
Number of conditions: 179
Accuracy: 0.562953995157385
Train AUC: 0.9333974944538692
AUC: 0.735525272401539
FPR: 0.14936708860759493
TPR: 0.29930394431554525
F1-score: 0.4168012924071082
