Number of rules: 307
Number of conditions: 184
Accuracy: 0.760552570990023
Train AUC: 0.9932409230924608
AUC: 0.8332838489289021
FPR: 0.2467005076142132
TPR: 0.7830188679245284
F1-score: 0.6148148148148149
