Number of rules: 18
Number of conditions: 66
Accuracy: 0.8064516129032258
Train AUC: 0.8245614035087718
AUC: 0.8854166666666667
FPR: 0.0625
TPR: 0.6666666666666666
F1-score: 0.7692307692307692
