Number of rules: 25
Number of conditions: 106
Accuracy: 0.4899922592060157
Train AUC: 0.9889763621794873
AUC: 0.6271597329188208
FPR: 0.5335339099912247
TPR: 0.6660412757973734
F1-score: 0.23541114058355436
