Number of rules: 21
Number of conditions: 41
Accuracy: 0.7308624031007752
Train AUC: 0.9935264305761633
AUC: 0.7288876213011084
FPR: 0.4429951690821256
TPR: 0.9057337220602527
F1-score: 0.770407108906799
