Number of rules: 9
Number of conditions: 23
Accuracy: 0.705
Train AUC: 0.9636842031208229
AUC: 0.5953132588635259
FPR: 0.9137931034482759
TPR: 0.9577464788732394
F1-score: 0.8217522658610271
