Number of rules: 5
Number of conditions: 9
Accuracy: 0.7839147286821705
Train AUC: 0.9727848675207333
AUC: 0.868908536499486
FPR: 0.1067632850241546
TPR: 0.673955296404276
F1-score: 0.756683033278778
