Number of rules: 731
Number of conditions: 631
Accuracy: 0.7953995157384988
Train AUC: 0.9897911832946636
AUC: 0.8821992449196479
FPR: 0.21445221445221446
TPR: 0.8060453400503779
F1-score: 0.7911001236093943
