Number of rules: 13
Number of conditions: 25
Accuracy: 0.8087167070217918
Train AUC: 0.9815178125642456
AUC: 0.8877713386529509
FPR: 0.20046620046620048
TPR: 0.818639798488665
F1-score: 0.8044554455445544
