Number of rules: 6
Number of conditions: 31
Accuracy: 0.6129032258064516
Train AUC: 0.5603448275862069
AUC: 0.7384615384615385
FPR: 0.46153846153846156
TPR: 1.0
F1-score: 0.45454545454545453
