Number of rules: 2634
Number of conditions: 2534
Accuracy: 0.3681592039800995
Train AUC: 0.9713769411017118
AUC: 0.4755624343596263
FPR: 0.6670886075949367
TPR: 0.611353711790393
F1-score: 0.196767392832045
