Number of rules: 59
Number of conditions: 246
Accuracy: 0.7457627118644068
Train AUC: 0.9445628612716761
AUC: 0.8223423349443949
FPR: 0.12322274881516587
TPR: 0.6089108910891089
F1-score: 0.7008547008547007
