Number of rules: 102
Number of conditions: 426
Accuracy: 0.5179657269209508
Train AUC: 0.9374059601332329
AUC: 0.6786037953895749
FPR: 0.5049875311720698
TPR: 0.697560975609756
F1-score: 0.2469775474956822
