Accuracy: 0.7406581148912438
Train AUC: 0.9942895597000577
AUC: 0.794846725354311
FPR: 0.33807829181494664
TPR: 0.8105263157894737
F1-score: 0.768079800498753
