Number of rules: 23
Number of conditions: 45
Accuracy: 0.7313468992248062
Train AUC: 0.989610989010989
AUC: 0.7320741961380826
FPR: 0.4429951690821256
TPR: 0.9067055393586005
F1-score: 0.770915100185912
