Accuracy: 0.2
Train AUC: 0.9642857142857143
AUC: 0.23611111111111108
FPR: 1.0
TPR: 1.0
F1-score: 0.33333333333333337
