Number of rules: 42
Number of conditions: 113
Accuracy: 0.5059161782594271
Train AUC: 0.9348714236639348
AUC: 0.46139828366779634
FPR: 0.4836404663407296
TPR: 0.4277673545966229
F1-score: 0.16951672862453532
