Accuracy: 0.380873410724157
Train AUC: 0.9986334662143619
AUC: 0.5773962982614939
FPR: 0.6782608695652174
TPR: 0.8592964824120602
F1-score: 0.23392612859097128
