Number of rules: 19
Number of conditions: 45
Accuracy: 0.5883777239709443
Train AUC: 0.9531637413545608
AUC: 0.7372459001014348
FPR: 0.1295843520782396
TPR: 0.3117505995203837
F1-score: 0.43333333333333335
