Number of rules: 107
Number of conditions: 200
Accuracy: 0.62
Train AUC: 0.9752919132784353
AUC: 0.6843127731908694
FPR: 0.25862068965517243
TPR: 0.5704225352112676
F1-score: 0.680672268907563
