Number of rules: 744
Number of conditions: 644
Accuracy: 0.85
Train AUC: 0.9769820971867007
AUC: 0.8763736263736264
FPR: 0.21428571428571427
TPR: 0.8846153846153846
F1-score: 0.8846153846153846
