Number of rules: 224
Number of conditions: 287
Accuracy: 0.2797481959158606
Train AUC: 0.9183310463993494
AUC: 0.6861326143452958
FPR: 0.9448596243183195
TPR: 0.9916773367477593
F1-score: 0.39774040313262293
