Number of rules: 176
Number of conditions: 351
Accuracy: 0.7941888619854721
Train AUC: 0.9218420511615613
AUC: 0.793315836136995
FPR: 0.18414918414918416
TPR: 0.7707808564231738
F1-score: 0.7826086956521738
