Number of rules: 2604
Number of conditions: 1302
Accuracy: 0.5094548269379631
Train AUC: 0.9929166666666667
AUC: 0.6524050971119831
FPR: 0.5128494421461702
TPR: 0.6763602251407129
F1-score: 0.24532153793807418
