Accuracy: 0.2709132770529547
Train AUC: 0.9779696493982208
AUC: 0.6781917891791169
FPR: 0.9481037924151696
TPR: 1.0
F1-score: 0.38788659793814434
