Number of rules: 269
Number of conditions: 194
Accuracy: 0.5405405405405406
Train AUC: 0.98
AUC: 0.6264705882352941
FPR: 0.3
TPR: 0.35294117647058826
F1-score: 0.41379310344827586
