Number of rules: 14
Number of conditions: 32
Accuracy: 0.7337662337662337
Train AUC: 0.8967790590181483
AUC: 0.7706511175898931
FPR: 0.23809523809523808
TPR: 0.673469387755102
F1-score: 0.6168224299065421
