Number of rules: 22
Number of conditions: 54
Accuracy: 0.7579475738984941
Train AUC: 0.9687649727495958
AUC: 0.8312985848116404
FPR: 0.2069364161849711
TPR: 0.7252155172413793
F1-score: 0.7561797752808989
