Number of rules: 9
Number of conditions: 16
Accuracy: 0.6666666666666666
Train AUC: 0.5729166666666666
AUC: 0.7465277777777778
FPR: 0.3333333333333333
TPR: 0.6666666666666666
F1-score: 0.4444444444444444
