Number of rules: 791
Number of conditions: 1581
Accuracy: 0.3974571586511885
Train AUC: 0.8250287938361334
AUC: 0.47583605107512017
FPR: 0.6291139240506329
TPR: 0.5807860262008734
F1-score: 0.19616519174041297
