Number of rules: 5287
Number of conditions: 2290
Accuracy: 0.72
Train AUC: 0.9853680488588878
AUC: 0.5956168042739194
FPR: 0.8793103448275862
TPR: 0.9647887323943662
F1-score: 0.8303030303030303
