Accuracy: 0.7996930161166539
Train AUC: 0.9912338449811164
AUC: 0.8575947047928687
FPR: 0.16135458167330677
TPR: 0.6688963210702341
F1-score: 0.6051437216338881
