Number of rules: 51
Number of conditions: 101
Accuracy: 0.5603197674418605
Train AUC: 0.8882230552307587
AUC: 0.5724900588254626
FPR: 0.10144927536231885
TPR: 0.22011661807580174
F1-score: 0.3329658213891951
