Number of rules: 279
Number of conditions: 557
Accuracy: 0.5835351089588378
Train AUC: 0.8329554352081431
AUC: 0.5750352112676056
FPR: 0.15492957746478872
TPR: 0.305
F1-score: 0.41496598639455784
