Number of rules: 10
Number of conditions: 19
Accuracy: 0.37012987012987014
Train AUC: 0.9716227018385293
AUC: 0.49047619047619045
FPR: 0.9047619047619048
TPR: 0.9591836734693877
F1-score: 0.4921465968586387
