Number of rules: 106
Number of conditions: 211
Accuracy: 0.4845737034170076
Train AUC: 0.9494962246910018
AUC: 0.5647224278242724
FPR: 0.5371693619155071
TPR: 0.6472795497185742
F1-score: 0.2284390001655355
