Number of rules: 112
Number of conditions: 180
Accuracy: 0.7125483692647872
Train AUC: 0.9342877200020057
AUC: 0.840073457476842
FPR: 0.30069488313329124
TPR: 0.8053097345132744
F1-score: 0.411764705882353
