Accuracy: 0.8
Train AUC: 0.9296675191815857
AUC: 0.8722527472527473
FPR: 0.2857142857142857
TPR: 0.8461538461538461
F1-score: 0.8461538461538461
