Number of rules: 5687
Number of conditions: 3044
Accuracy: 0.40672343248921816
Train AUC: 0.9944959358795393
AUC: 0.5843351582328274
FPR: 0.654255985959634
TPR: 0.8630393996247655
F1-score: 0.25537820957668284
