Number of rules: 7
Number of conditions: 13
Accuracy: 0.5675675675675675
Train AUC: 0.9383333333333332
AUC: 0.5823529411764705
FPR: 0.23529411764705882
TPR: 0.4
F1-score: 0.5
