Number of rules: 11
Number of conditions: 21
Accuracy: 0.7567567567567568
Train AUC: 0.7633928571428572
AUC: 0.7573529411764706
FPR: 0.25
TPR: 0.7647058823529411
F1-score: 0.7428571428571428
