Number of rules: 977
Number of conditions: 1953
Accuracy: 0.5867261572783046
Train AUC: 0.8528747381995176
AUC: 0.5882047357746338
FPR: 0.6157253599114064
TPR: 0.7921348314606742
F1-score: 0.6555090655509066
