Number of rules: 26
Number of conditions: 51
Accuracy: 0.625
Train AUC: 0.9788482004643964
AUC: 0.6653108305002429
FPR: 0.2413793103448276
TPR: 0.5704225352112676
F1-score: 0.6835443037974684
