Number of rules: 566
Number of conditions: 491
Accuracy: 0.7736077481840193
Train AUC: 0.9940179431599229
AUC: 0.8485670545727558
FPR: 0.13981042654028436
TPR: 0.6831683168316832
F1-score: 0.7469553450608932
