Accuracy: 0.5675675675675675
Train AUC: 0.995
AUC: 0.7102941176470587
FPR: 0.29411764705882354
TPR: 0.45
F1-score: 0.5294117647058824
