Number of rules: 18
Number of conditions: 35
Accuracy: 0.8
Train AUC: 0.8823529411764706
AUC: 0.7774294670846396
FPR: 0.2727272727272727
TPR: 0.8275862068965517
F1-score: 0.8571428571428572
