Number of rules: 6
Number of conditions: 19
Accuracy: 0.6458449525934189
Train AUC: 0.8109778486683057
AUC: 0.7079841823390209
FPR: 0.5702764976958525
TPR: 0.8486486486486486
F1-score: 0.7120181405895692
