Number of rules: 16
Number of conditions: 47
Accuracy: 0.8108108108108109
Train AUC: 0.9851190476190477
AUC: 0.9212121212121213
FPR: 0.2
TPR: 0.8181818181818182
F1-score: 0.8372093023255814
