Number of rules: 269
Number of conditions: 328
Accuracy: 0.7864271457085829
Train AUC: 0.9258342213585742
AUC: 0.831872581775148
FPR: 0.1749141587558069
TPR: 0.6638924455825864
F1-score: 0.5985569985569986
