Number of rules: 246
Number of conditions: 338
Accuracy: 0.25011515430677106
Train AUC: 0.8607979281552098
AUC: 0.6758240358587138
FPR: 0.9854574833366997
TPR: 0.9967989756722151
F1-score: 0.3893473368342086
