Accuracy: 0.7532467532467533
Train AUC: 0.960380381118609
AUC: 0.7572400388726919
FPR: 0.22857142857142856
TPR: 0.7142857142857143
F1-score: 0.6481481481481481
