Number of rules: 65
Number of conditions: 210
Accuracy: 0.5065406976744186
Train AUC: 0.7343064055487556
AUC: 0.7279155692642827
FPR: 0.0
TPR: 0.01020408163265306
F1-score: 0.020202020202020204
