Accuracy: 0.1
Train AUC: 0.8482142857142857
AUC: 0.5555555555555556
FPR: 1.0
TPR: 1.0
F1-score: 0.18181818181818182
