Number of rules: 1946
Number of conditions: 1846
Accuracy: 0.5672058003346346
Train AUC: 0.9976900024972946
AUC: 0.5694663625144909
FPR: 0.7622377622377622
TPR: 0.8695187165775401
F1-score: 0.6769358867610326
