Accuracy: 0.837095040687855
Train AUC: 0.9655711466056295
AUC: 0.8602101490897609
FPR: 0.0763482124823268
TPR: 0.5627400768245838
F1-score: 0.6236253990776871
