Number of rules: 14
Number of conditions: 27
Accuracy: 0.3181818181818182
Train AUC: 0.8989540289256199
AUC: 0.521865889212828
FPR: 1.0
TPR: 1.0
F1-score: 0.4827586206896552
