Accuracy: 0.7771739130434783
Train AUC: 0.9992421052631579
AUC: 0.7857572115384617
FPR: 0.225
TPR: 0.7788461538461539
F1-score: 0.7980295566502463
