Number of rules: 136
Number of conditions: 271
Accuracy: 0.7704301669799846
Train AUC: 0.9331132591353577
AUC: 0.8330297518122576
FPR: 0.23730725836780744
TPR: 0.8283302063789869
F1-score: 0.45965642894325875
