Number of rules: 142
Number of conditions: 283
Accuracy: 0.8119146322739137
Train AUC: 0.9403305785123968
AUC: 0.8124196511213219
FPR: 0.09917188446778429
TPR: 0.5300896286811779
F1-score: 0.574800416522041
