Accuracy: 0.25172678434382195
Train AUC: 0.9129739858906526
AUC: 0.5354205753595997
FPR: 1.0
TPR: 1.0
F1-score: 0.40220723482526055
