Number of rules: 257
Number of conditions: 256
Accuracy: 0.8035303146584805
Train AUC: 0.9666369263369209
AUC: 0.8622625721969358
FPR: 0.1659959758551308
TPR: 0.7055016181229773
F1-score: 0.630057803468208
