Number of rules: 13
Number of conditions: 47
Accuracy: 0.2762854950115119
Train AUC: 0.9649293563579279
AUC: 0.688149303186824
FPR: 0.9496475327291037
TPR: 1.0
F1-score: 0.39667306461932184
