Number of rules: 16237
Number of conditions: 13974
Accuracy: 0.6168831168831169
Train AUC: 0.9408511508951406
AUC: 0.6815354713313896
FPR: 0.4095238095238095
TPR: 0.673469387755102
F1-score: 0.528
