Accuracy: 0.74
Train AUC: 0.9345256879575865
AUC: 0.4720394736842105
FPR: 0.008928571428571428
TPR: 0.0
F1-score: 0.0
