Number of rules: 97
Number of conditions: 314
Accuracy: 0.12824765063571034
Train AUC: 0.9958034179391243
AUC: 0.5218130351509689
FPR: 0.9949526813880126
TPR: 1.0
F1-score: 0.22123456790123458
