Number of rules: 8543
Number of conditions: 4217
Accuracy: 0.8532608695652174
Train AUC: 0.9957653278212475
AUC: 0.9019230769230769
FPR: 0.1875
TPR: 0.8846153846153846
F1-score: 0.872037914691943
