Number of rules: 4145
Number of conditions: 225
Accuracy: 0.64
Train AUC: 0.9954408164433055
AUC: 0.6855876639145215
FPR: 0.2413793103448276
TPR: 0.5915492957746479
F1-score: 0.7000000000000001
