Number of rules: 49
Number of conditions: 200
Accuracy: 0.7286821705426356
Train AUC: 0.9867054945054945
AUC: 0.7328897949794134
FPR: 0.4458937198067633
TPR: 0.9042759961127308
F1-score: 0.7686906237092112
