Number of rules: 1620
Number of conditions: 900
Accuracy: 0.7311046511627907
Train AUC: 0.9993594523795866
AUC: 0.7152402783059394
FPR: 0.442512077294686
TPR: 0.9057337220602527
F1-score: 0.7705663497312938
