Number of rules: 16
Number of conditions: 31
Accuracy: 0.7945736434108527
Train AUC: 0.9582351432373074
AUC: 0.8052178842551513
FPR: 0.20531400966183574
TPR: 0.7944606413994169
F1-score: 0.7940747935891208
