Number of rules: 3891
Number of conditions: 894
Accuracy: 0.33116883116883117
Train AUC: 0.9935204081632653
AUC: 0.5141885325558795
FPR: 0.9619047619047619
TPR: 0.9591836734693877
F1-score: 0.47715736040609136
