Number of rules: 22
Number of conditions: 49
Accuracy: 0.7073850959393128
Train AUC: 0.9412892918716357
AUC: 0.8071445664084583
FPR: 0.09791183294663573
TPR: 0.5270734851740438
F1-score: 0.6516137601275069
