Number of rules: 297
Number of conditions: 593
Accuracy: 0.7958557175748273
Train AUC: 0.9193750505295497
AUC: 0.7477581313541819
FPR: 0.16334661354581673
TPR: 0.6588628762541806
F1-score: 0.5969696969696969
