Accuracy: 0.6095928611266035
Train AUC: 0.9703677103436527
AUC: 0.6857927512766222
FPR: 0.6025345622119815
TPR: 0.8086486486486486
F1-score: 0.6812386156648451
