Accuracy: 0.5928157072735386
Train AUC: 0.930134890835767
AUC: 0.6818870975943654
FPR: 0.6640371229698376
TPR: 0.8306832831972497
F1-score: 0.6793182217536461
