Number of rules: 3599
Number of conditions: 602
Accuracy: 0.657608695652174
Train AUC: 0.999853547188106
AUC: 0.6310697115384616
FPR: 0.55
TPR: 0.8173076923076923
F1-score: 0.7296137339055793
