Number of rules: 64
Number of conditions: 156
Accuracy: 0.7567567567567568
Train AUC: 0.9440559440559441
AUC: 0.8273809523809523
FPR: 0.5
TPR: 0.9523809523809523
F1-score: 0.8163265306122449
