Number of rules: 22
Number of conditions: 115
Accuracy: 0.575
Train AUC: 0.8849104859335039
AUC: 0.6428571428571429
FPR: 0.35714285714285715
TPR: 0.5384615384615384
F1-score: 0.6222222222222222
