Number of rules: 7235
Number of conditions: 4238
Accuracy: 0.5066666666666667
Train AUC: 0.982497361411268
AUC: 0.6578947368421053
FPR: 0.5982142857142857
TPR: 0.8157894736842105
F1-score: 0.45588235294117646
