Accuracy: 0.7227602905569007
Train AUC: 0.9999999999999999
AUC: 0.7360367971463437
FPR: 0.4528301886792453
TPR: 0.9079601990049752
F1-score: 0.7612095933263817
