Number of rules: 20
Number of conditions: 39
Accuracy: 0.6129032258064516
Train AUC: 0.8267543859649122
AUC: 0.6181818181818182
FPR: 0.4
TPR: 0.6363636363636364
F1-score: 0.5384615384615385
