Number of rules: 228
Number of conditions: 278
Accuracy: 0.2701458173445894
Train AUC: 0.9786028257456829
AUC: 0.7362399017687002
FPR: 0.9433962264150944
TPR: 0.9966216216216216
F1-score: 0.3828682673588579
