Number of rules: 1008
Number of conditions: 2015
Accuracy: 0.600111544896821
Train AUC: 0.8705611416116629
AUC: 0.5940098393324199
FPR: 0.597926267281106
TPR: 0.7859459459459459
F1-score: 0.6697374481805619
