Accuracy: 0.49333333333333335
Train AUC: 0.9797043212033478
AUC: 0.674577067669173
FPR: 0.6160714285714286
TPR: 0.8157894736842105
F1-score: 0.44927536231884063
