Number of rules: 8
Number of conditions: 17
Accuracy: 0.657608695652174
Train AUC: 0.9996407891144732
AUC: 0.6702524038461538
FPR: 0.55
TPR: 0.8173076923076923
F1-score: 0.7296137339055793
