Number of rules: 749
Number of conditions: 649
Accuracy: 0.7953995157384988
Train AUC: 0.9902904637434286
AUC: 0.886029411764706
FPR: 0.19362745098039216
TPR: 0.784688995215311
F1-score: 0.7951515151515152
