Number of rules: 50
Number of conditions: 91
Accuracy: 0.5002422480620154
Train AUC: 0.7203530709223309
AUC: 0.7254618479551932
FPR: 0.9927536231884058
TPR: 0.9961127308066083
F1-score: 0.6652604251176375
