Number of rules: 9
Number of conditions: 24
Accuracy: 0.25333333333333335
Train AUC: 0.7776440347340472
AUC: 0.5062265037593985
FPR: 1.0
TPR: 1.0
F1-score: 0.4042553191489362
