Number of rules: 72
Number of conditions: 260
Accuracy: 0.7554347826086957
Train AUC: 0.9963290602394214
AUC: 0.8527644230769231
FPR: 0.225
TPR: 0.7403846153846154
F1-score: 0.7738693467336684
