Accuracy: 0.7350808700501952
Train AUC: 0.9940049990386465
AUC: 0.7854620665595136
FPR: 0.34530706836616454
TPR: 0.8096774193548387
F1-score: 0.7602221100454316
