Number of rules: 26
Number of conditions: 51
Accuracy: 0.1205085682697623
Train AUC: 0.8625240165840834
AUC: 0.49574231164565635
FPR: 0.9943644333124608
TPR: 0.9858490566037735
F1-score: 0.20806371329019413
