Number of rules: 14
Number of conditions: 48
Accuracy: 0.41667588189760035
Train AUC: 0.9907352282949257
AUC: 0.5776085608224961
FPR: 0.6348251222264009
TPR: 0.8020637898686679
F1-score: 0.2448103078024338
