Number of rules: 285
Number of conditions: 383
Accuracy: 0.8120681713496085
Train AUC: 0.8268025078369906
AUC: 0.8282360474519691
FPR: 0.05150474651585538
TPR: 0.37964148527528807
F1-score: 0.4921161825726141
