Accuracy: 0.6216216216216216
Train AUC: 1.0
AUC: 0.7454545454545455
FPR: 0.6
TPR: 0.7727272727272727
F1-score: 0.7083333333333333
