Number of rules: 94
Number of conditions: 203
Accuracy: 0.575
Train AUC: 0.8849104859335037
AUC: 0.5773809523809523
FPR: 0.5833333333333334
TPR: 0.6428571428571429
F1-score: 0.6792452830188679
