Number of rules: 145
Number of conditions: 289
Accuracy: 0.7032574743418117
Train AUC: 0.9444907407407408
AUC: 0.7422646686681217
FPR: 0.39211136890951276
TPR: 0.791577137945853
F1-score: 0.7347427203829278
