Number of rules: 296
Number of conditions: 316
Accuracy: 0.7705295471987721
Train AUC: 0.9936057668030097
AUC: 0.8531171415591148
FPR: 0.2332657200811359
TPR: 0.7823343848580442
F1-score: 0.6238993710691825
