Accuracy: 0.5877956269522535
Train AUC: 0.8823077639173338
AUC: 0.6773345683726895
FPR: 0.6735498839907192
TPR: 0.8298238074774388
F1-score: 0.6764164988177599
