Number of rules: 138
Number of conditions: 346
Accuracy: 0.625
Train AUC: 0.9913393904467633
AUC: 0.6816415735794074
FPR: 0.27586206896551724
TPR: 0.5845070422535211
F1-score: 0.6887966804979253
