Number of rules: 267
Number of conditions: 351
Accuracy: 0.2686108979278588
Train AUC: 0.9791470434327577
AUC: 0.7323733862959285
FPR: 0.945382323733863
TPR: 0.9966216216216216
F1-score: 0.3823720025923526
