Number of rules: 17
Number of conditions: 26
Accuracy: 0.8315217391304348
Train AUC: 0.9620156284167638
AUC: 0.9192307692307692
FPR: 0.2125
TPR: 0.8653846153846154
F1-score: 0.8530805687203792
