Number of rules: 29
Number of conditions: 57
Accuracy: 0.4866666666666667
Train AUC: 0.955321991590022
AUC: 0.6125469924812029
FPR: 0.6339285714285714
TPR: 0.8421052631578947
F1-score: 0.4539007092198582
