Number of rules: 2
Number of conditions: 6
Accuracy: 0.5376464026770775
Train AUC: 0.9801912511445934
AUC: 0.678275001993382
FPR: 0.8252314814814815
TPR: 0.8751345532831001
F1-score: 0.6623217922606925
