Accuracy: 0.7360553324408746
Train AUC: 0.9731232427465213
AUC: 0.8267175306125907
FPR: 0.15406032482598608
TPR: 0.6342930812204555
F1-score: 0.7139056831922612
