Accuracy: 0.7501394311210262
Train AUC: 0.9929004212333553
AUC: 0.8283540211921979
FPR: 0.2297447280799112
TPR: 0.7298206278026906
F1-score: 0.744
