Accuracy: 0.7482732156561781
Train AUC: 0.9971595212846539
AUC: 0.8163146217280342
FPR: 0.25430597771023306
TPR: 0.7563291139240507
F1-score: 0.5930521091811414
