Number of rules: 9
Number of conditions: 26
Accuracy: 0.45161290322580644
Train AUC: 0.8793103448275862
AUC: 0.6238095238095238
FPR: 0.8095238095238095
TPR: 1.0
F1-score: 0.5405405405405406
