Accuracy: 0.8478260869565217
Train AUC: 0.9884472371690591
AUC: 0.9026442307692307
FPR: 0.225
TPR: 0.9038461538461539
F1-score: 0.8703703703703703
