Number of rules: 120
Number of conditions: 302
Accuracy: 0.675
Train AUC: 0.9432680606261755
AUC: 0.7240165128703254
FPR: 0.3793103448275862
TPR: 0.6971830985915493
F1-score: 0.7528517110266161
