Number of rules: 26
Number of conditions: 43
Accuracy: 0.7027027027027027
Train AUC: 0.9298245614035088
AUC: 0.9434523809523809
FPR: 0.5238095238095238
TPR: 1.0
F1-score: 0.7441860465116279
