Number of rules: 7
Number of conditions: 22
Accuracy: 0.6855198572066042
Train AUC: 0.8506275503378152
AUC: 0.7652629227957489
FPR: 0.2111368909512761
TPR: 0.5898152127202406
F1-score: 0.6607293296425563
