Number of rules: 41
Number of conditions: 81
Accuracy: 0.7717391304347826
Train AUC: 0.9937864661654136
AUC: 0.7733173076923076
FPR: 0.225
TPR: 0.7692307692307693
F1-score: 0.7920792079207921
