Number of rules: 56
Number of conditions: 111
Accuracy: 0.2422846614463381
Train AUC: 0.8642681830332191
AUC: 0.5380854654745831
FPR: 0.9965663502322764
TPR: 0.9993597951344431
F1-score: 0.38748913987836664
