Accuracy: 0.35714285714285715
Train AUC: 0.9698146244908835
AUC: 0.5316812439261418
FPR: 0.9238095238095239
TPR: 0.9591836734693877
F1-score: 0.48704663212435234
