Accuracy: 0.61
Train AUC: 0.9343726016477343
AUC: 0.6897765905779506
FPR: 0.3620689655172414
TPR: 0.5985915492957746
F1-score: 0.685483870967742
