Number of rules: 33
Number of conditions: 65
Accuracy: 0.875
Train AUC: 0.8976982097186701
AUC: 0.8873626373626374
FPR: 0.07142857142857142
TPR: 0.8461538461538461
F1-score: 0.8979591836734695
