Accuracy: 0.7717391304347826
Train AUC: 0.9979048736295302
AUC: 0.7721754807692308
FPR: 0.225
TPR: 0.7692307692307693
F1-score: 0.7920792079207921
