Number of rules: 16
Number of conditions: 40
Accuracy: 0.62
Train AUC: 0.9895510835913311
AUC: 0.6903836813987372
FPR: 0.25862068965517243
TPR: 0.5704225352112676
F1-score: 0.680672268907563
