Number of rules: 25
Number of conditions: 63
Accuracy: 0.7965607247044373
Train AUC: 0.9432024044795784
AUC: 0.8424447550139899
FPR: 0.14461724904059786
TPR: 0.6101152368758003
F1-score: 0.5899102445063449
