Accuracy: 0.7837837837837838
Train AUC: 0.9687500000000001
AUC: 0.95
FPR: 0.35
TPR: 0.9411764705882353
F1-score: 0.7999999999999999
