Number of rules: 8
Number of conditions: 26
Accuracy: 0.4666666666666667
Train AUC: 0.6006944444444444
AUC: 0.5925925925925926
FPR: 0.5925925925925926
TPR: 1.0
F1-score: 0.2727272727272727
