Number of rules: 11
Number of conditions: 21
Accuracy: 0.675
Train AUC: 0.6396396396396398
AUC: 0.5521978021978022
FPR: 0.8571428571428571
TPR: 0.9615384615384616
F1-score: 0.7936507936507937
