Number of rules: 131
Number of conditions: 211
Accuracy: 0.7197346600331676
Train AUC: 0.9337946480803624
AUC: 0.8396611676049173
FPR: 0.2886923562855338
TPR: 0.7787610619469026
F1-score: 0.40977881257275905
