Number of rules: 4
Number of conditions: 5
Accuracy: 0.7466666666666667
Train AUC: 0.850747917192628
AUC: 0.43374060150375937
FPR: 0.0
TPR: 0.0
F1-score: 0.0
