Number of rules: 1341
Number of conditions: 149
Accuracy: 0.33766233766233766
Train AUC: 0.9907183861795161
AUC: 0.5820213799805637
FPR: 0.9523809523809523
TPR: 0.9591836734693877
F1-score: 0.4795918367346939
