Number of rules: 296
Number of conditions: 360
Accuracy: 0.227168073676132
Train AUC: 0.9444444444444444
AUC: 0.4458218148635229
FPR: 1.0
TPR: 1.0
F1-score: 0.3702313946216385
