Accuracy: 0.7979425763856901
Train AUC: 0.9707709103825821
AUC: 0.8407620028390907
FPR: 0.16683498283175116
TPR: 0.6862996158770807
F1-score: 0.6196531791907515
