Number of rules: 278
Number of conditions: 285
Accuracy: 0.7989255564082886
Train AUC: 0.9693302849495343
AUC: 0.8691907610501828
FPR: 0.18544366899302095
TPR: 0.7466666666666667
F1-score: 0.6309859154929579
