Number of rules: 20
Number of conditions: 36
Accuracy: 0.6852814331527148
Train AUC: 0.960435452747066
AUC: 0.8655854742798302
FPR: 0.34499185157327317
TPR: 0.9118198874296435
F1-score: 0.40584551148225473
