Number of rules: 7673
Number of conditions: 4676
Accuracy: 0.747434181169121
Train AUC: 0.9774244167799979
AUC: 0.8314719169798303
FPR: 0.15359628770301625
TPR: 0.6557799742157284
F1-score: 0.7294455066921607
