Number of rules: 410
Number of conditions: 335
Accuracy: 0.8648648648648649
Train AUC: 0.9642857142857143
AUC: 0.9088235294117646
FPR: 0.17647058823529413
TPR: 0.9
F1-score: 0.8780487804878048
