Accuracy: 0.7462353597322923
Train AUC: 0.9925535525343874
AUC: 0.8249286298935936
FPR: 0.20730270906949352
TPR: 0.7044491525423728
F1-score: 0.7450980392156863
