Accuracy: 0.5
Train AUC: 0.9782546782597041
AUC: 0.6737546992481205
FPR: 0.6071428571428571
TPR: 0.8157894736842105
F1-score: 0.4525547445255474
