Accuracy: 0.12241512772310074
Train AUC: 0.960652862638606
AUC: 0.4675350638714823
FPR: 0.9943587814968033
TPR: 0.9962476547842402
F1-score: 0.21113320079522865
