Number of rules: 7245
Number of conditions: 4248
Accuracy: 0.7402597402597403
Train AUC: 0.9708783853362167
AUC: 0.7917395529640427
FPR: 0.21904761904761905
TPR: 0.6530612244897959
F1-score: 0.6153846153846153
