Number of rules: 492
Number of conditions: 417
Accuracy: 0.22947045280122794
Train AUC: 0.9924492945326279
AUC: 0.592571593440511
FPR: 0.997020854021847
TPR: 1.0
F1-score: 0.3709273182957394
