Number of rules: 7
Number of conditions: 23
Accuracy: 0.7136323070058009
Train AUC: 0.8262565622671202
AUC: 0.7709640286478612
FPR: 0.2354988399071926
TPR: 0.6665234207133649
F1-score: 0.707330977083571
