Number of rules: 239
Number of conditions: 274
Accuracy: 0.7912509593246354
Train AUC: 0.9893916819699017
AUC: 0.8417832109866645
FPR: 0.15868263473053892
TPR: 0.6245847176079734
F1-score: 0.5802469135802469
