Accuracy: 0.23998157531091663
Train AUC: 0.9508130467858501
AUC: 0.5378092631734662
FPR: 0.9997980206018986
TPR: 1.0
F1-score: 0.3869209809264305
