Number of rules: 64
Number of conditions: 145
Accuracy: 0.8648648648648649
Train AUC: 0.9851190476190477
AUC: 0.9441176470588235
FPR: 0.17647058823529413
TPR: 0.9
F1-score: 0.8780487804878048
