Number of rules: 55
Number of conditions: 211
Accuracy: 0.7297297297297297
Train AUC: 0.9642857142857142
AUC: 0.9147058823529411
FPR: 0.4
TPR: 0.8823529411764706
F1-score: 0.75
