Number of rules: 60
Number of conditions: 119
Accuracy: 0.4079398429724649
Train AUC: 0.9617745325810378
AUC: 0.5909703225102376
FPR: 0.6482386862228908
TPR: 0.8283302063789869
F1-score: 0.24803370786516857
