Number of rules: 6
Number of conditions: 11
Accuracy: 0.5466666666666666
Train AUC: 0.954078085473522
AUC: 0.6555451127819549
FPR: 0.5446428571428571
TPR: 0.8157894736842105
F1-score: 0.47692307692307695
