Number of rules: 15
Number of conditions: 30
Accuracy: 0.8147699757869249
Train AUC: 0.9862316073893506
AUC: 0.8980289386051311
FPR: 0.19174757281553398
TPR: 0.821256038647343
F1-score: 0.8163265306122448
