Accuracy: 0.5544794188861986
Train AUC: 0.9478786049849929
AUC: 0.7208053099944198
FPR: 0.1341772151898734
TPR: 0.2691415313225058
F1-score: 0.38666666666666666
