Accuracy: 0.4066128497180139
Train AUC: 0.9957296161079765
AUC: 0.5825664122061998
FPR: 0.6545067067819983
TPR: 0.8639774859287055
F1-score: 0.25554938956714757
