Number of rules: 20
Number of conditions: 39
Accuracy: 0.12396328651996019
Train AUC: 0.9331641285956007
AUC: 0.5494974294059775
FPR: 0.9924783753290711
TPR: 0.9953095684803002
F1-score: 0.21127041019514134
