Accuracy: 0.7567567567567568
Train AUC: 1.0
AUC: 0.8581871345029239
FPR: 0.3888888888888889
TPR: 0.8947368421052632
F1-score: 0.7906976744186046
