Number of rules: 24
Number of conditions: 57
Accuracy: 0.7479085331846068
Train AUC: 0.9804684996475038
AUC: 0.8159649122807017
FPR: 0.3428232502965599
TPR: 0.828421052631579
F1-score: 0.7769002961500494
