Number of rules: 6016
Number of conditions: 1551
Accuracy: 0.24719791186857054
Train AUC: 0.982776617954071
AUC: 0.7291441401018071
FPR: 0.990304988891133
TPR: 1.0
F1-score: 0.3891864955774262
