Number of rules: 5528
Number of conditions: 2531
Accuracy: 0.7466666666666667
Train AUC: 0.9419075363196125
AUC: 0.4164708646616541
FPR: 0.0
TPR: 0.0
F1-score: 0.0
