Number of rules: 351
Number of conditions: 701
Accuracy: 0.7966231772831927
Train AUC: 0.9136884514582055
AUC: 0.7696860776308336
FPR: 0.1790744466800805
TPR: 0.7184466019417476
F1-score: 0.6262341325811002
