Number of rules: 10
Number of conditions: 16
Accuracy: 0.7873483801627514
Train AUC: 0.7607720472852809
AUC: 0.8393127812614841
FPR: 0.02443950717026863
TPR: 0.19078104993597952
F1-score: 0.3008581524482584
