Number of rules: 6
Number of conditions: 11
Accuracy: 0.801452784503632
Train AUC: 0.9914860308285163
AUC: 0.8663180296536884
FPR: 0.09200968523002422
TPR: 0.6949152542372882
F1-score: 0.7777777777777777
