Number of rules: 81
Number of conditions: 236
Accuracy: 0.7929782082324455
Train AUC: 0.9349349466944697
AUC: 0.8648840663954015
FPR: 0.13752913752913754
TPR: 0.7178841309823678
F1-score: 0.7692307692307694
