Number of rules: 72
Number of conditions: 266
Accuracy: 0.7675544794188862
Train AUC: 0.9576920761078999
AUC: 0.8416828380303573
FPR: 0.07263922518159806
TPR: 0.6077481840193705
F1-score: 0.723342939481268
