Number of rules: 13
Number of conditions: 31
Accuracy: 0.5811138014527845
Train AUC: 0.954011973117578
AUC: 0.7484888458945269
FPR: 0.1362530413625304
TPR: 0.30120481927710846
F1-score: 0.41946308724832215
