Number of rules: 263
Number of conditions: 525
Accuracy: 0.5672058003346346
Train AUC: 0.9577717888953634
AUC: 0.5557443039110155
FPR: 0.7604166666666666
TPR: 0.8719052744886975
F1-score: 0.6761268781302171
