Number of rules: 15
Number of conditions: 35
Accuracy: 0.25333333333333335
Train AUC: 0.7756258474490518
AUC: 0.49776785714285715
FPR: 1.0
TPR: 1.0
F1-score: 0.4042553191489362
