Number of rules: 74
Number of conditions: 147
Accuracy: 0.69
Train AUC: 0.8806967680207116
AUC: 0.5241622146673143
FPR: 0.9137931034482759
TPR: 0.9366197183098591
F1-score: 0.8109756097560975
