Number of rules: 15
Number of conditions: 48
Accuracy: 0.7836634423460771
Train AUC: 0.9465236893748248
AUC: 0.8431559500777271
FPR: 0.18541708745707938
TPR: 0.6856594110115237
F1-score: 0.60321036327795
