Accuracy: 0.33116883116883117
Train AUC: 0.9764204088202157
AUC: 0.5296404275996113
FPR: 0.9714285714285714
TPR: 0.9795918367346939
F1-score: 0.4824120603015075
