Number of rules: 538
Number of conditions: 438
Accuracy: 0.43333333333333335
Train AUC: 0.9930555555555556
AUC: 0.5909090909090909
FPR: 0.7368421052631579
TPR: 0.7272727272727273
F1-score: 0.4848484848484849
