Accuracy: 0.665
Train AUC: 0.9682354242725967
AUC: 0.7255342399222925
FPR: 0.29310344827586204
TPR: 0.647887323943662
F1-score: 0.7330677290836654
