Number of rules: 32
Number of conditions: 100
Accuracy: 0.7837837837837838
Train AUC: 0.9333333333333333
AUC: 0.8681818181818182
FPR: 0.13636363636363635
TPR: 0.6666666666666666
F1-score: 0.7142857142857142
