Number of rules: 63
Number of conditions: 272
Accuracy: 0.5815217391304348
Train AUC: 0.9994094128544054
AUC: 0.5613581730769232
FPR: 0.275
TPR: 0.47115384615384615
F1-score: 0.5599999999999999
