Number of rules: 221
Number of conditions: 441
Accuracy: 0.7421335379892555
Train AUC: 0.9616131394233197
AUC: 0.7437318045990279
FPR: 0.25937183383991896
TPR: 0.7468354430379747
F1-score: 0.5841584158415841
