Accuracy: 0.75111557340473
Train AUC: 0.9821352958967637
AUC: 0.8068851283779539
FPR: 0.27679814385150814
TPR: 0.7769660507090674
F1-score: 0.7642396702948325
