Number of rules: 13
Number of conditions: 30
Accuracy: 0.625
Train AUC: 0.9917807995226243
AUC: 0.6817629917435648
FPR: 0.25862068965517243
TPR: 0.5774647887323944
F1-score: 0.6861924686192469
