Accuracy: 0.8158096699923254
Train AUC: 1.0
AUC: 0.7899703097104711
FPR: 0.16044399596367306
TPR: 0.7403846153846154
F1-score: 0.6581196581196581
