Accuracy: 0.763463452394117
Train AUC: 0.9644383838383837
AUC: 0.8721153875553568
FPR: 0.2500940203083866
TPR: 0.8649155722326454
F1-score: 0.46296761235249817
