Accuracy: 0.8532608695652174
Train AUC: 0.9918131551818777
AUC: 0.8572115384615384
FPR: 0.2
TPR: 0.8942307692307693
F1-score: 0.8732394366197184
