Number of rules: 109
Number of conditions: 112
Accuracy: 0.75
Train AUC: 0.8721227621483376
AUC: 0.8181818181818181
FPR: 0.2727272727272727
TPR: 0.7586206896551724
F1-score: 0.8148148148148148
