Number of rules: 2604
Number of conditions: 1302
Accuracy: 0.5909090909090909
Train AUC: 0.9428987156023809
AUC: 0.6862973760932943
FPR: 0.47619047619047616
TPR: 0.7346938775510204
F1-score: 0.5333333333333333
