Number of rules: 279
Number of conditions: 155
Accuracy: 0.7613200306983884
Train AUC: 0.9932712215320911
AUC: 0.8329981164000894
FPR: 0.23857868020304568
TPR: 0.7610062893081762
F1-score: 0.6088050314465409
