Number of rules: 13
Number of conditions: 27
Accuracy: 0.7666666666666667
Train AUC: 0.904977375565611
AUC: 0.865079365079365
FPR: 0.2857142857142857
TPR: 0.8888888888888888
F1-score: 0.6956521739130435
