Number of rules: 271
Number of conditions: 196
Accuracy: 0.5675675675675675
Train AUC: 0.9933333333333333
AUC: 0.6764705882352942
FPR: 0.29411764705882354
TPR: 0.45
F1-score: 0.5294117647058824
