Number of rules: 8
Number of conditions: 31
Accuracy: 0.6391522587841606
Train AUC: 0.8145483225675687
AUC: 0.7353847781179222
FPR: 0.5717514124293785
TPR: 0.8447136563876652
F1-score: 0.7033470884915177
