Number of rules: 29
Number of conditions: 39
Accuracy: 0.64
Train AUC: 0.9365303942152613
AUC: 0.6832807187955318
FPR: 0.41379310344827586
TPR: 0.6619718309859155
F1-score: 0.7230769230769231
