Number of rules: 9
Number of conditions: 20
Accuracy: 0.6966755912539045
Train AUC: 0.8925241545893718
AUC: 0.7484450169851148
FPR: 0.34385150812064963
TPR: 0.7342071336484745
F1-score: 0.7153773683659583
