Accuracy: 0.8038740920096852
Train AUC: 0.9866251578607301
AUC: 0.8897264049160334
FPR: 0.17647058823529413
TPR: 0.784688995215311
F1-score: 0.8019559902200488
