Accuracy: 0.24535544296023337
Train AUC: 0.9733820459290188
AUC: 0.5798714728280814
FPR: 0.9927287416683498
TPR: 1.0
F1-score: 0.3886055479537256
