Number of rules: 1324
Number of conditions: 662
Accuracy: 0.8395516658989712
Train AUC: 0.981811392320086
AUC: 0.879801956743306
FPR: 0.08765905877600484
TPR: 0.6088348271446863
F1-score: 0.6454021038344079
