Number of rules: 660
Number of conditions: 102
Accuracy: 0.7742248062015504
Train AUC: 0.9912697235000246
AUC: 0.8760049154237264
FPR: 0.08550724637681159
TPR: 0.6331389698736638
F1-score: 0.7365743357829283
