Number of rules: 14
Number of conditions: 27
Accuracy: 0.34415584415584416
Train AUC: 0.940765306122449
AUC: 0.4922254616132167
FPR: 0.9428571428571428
TPR: 0.9591836734693877
F1-score: 0.48205128205128206
