Number of rules: 129
Number of conditions: 257
Accuracy: 0.7610931982189467
Train AUC: 0.9076604946614408
AUC: 0.7866818250351524
FPR: 0.21773379115330235
TPR: 0.6939820742637645
F1-score: 0.5821697099892589
