Number of rules: 296
Number of conditions: 318
Accuracy: 0.807367613200307
Train AUC: 0.9694041710812468
AUC: 0.8692755068128947
FPR: 0.1694915254237288
TPR: 0.73
F1-score: 0.6357039187227866
