Accuracy: 0.5732448866777226
Train AUC: 0.9879451015814653
AUC: 0.6715496845425868
FPR: 0.44100946372239747
TPR: 0.6741071428571429
F1-score: 0.2811918063314711
