Accuracy: 0.2444342085060648
Train AUC: 0.9321000581733566
AUC: 0.5594884929931769
FPR: 0.9939406180569582
TPR: 1.0
F1-score: 0.3883157240522064
