Number of rules: 57
Number of conditions: 113
Accuracy: 0.5545058139534884
Train AUC: 0.9111494092566397
AUC: 0.6340194739041234
FPR: 0.0927536231884058
TPR: 0.19970845481049562
F1-score: 0.3089064261555806
