Number of rules: 14
Number of conditions: 54
Accuracy: 0.5714285714285714
Train AUC: 0.7464030142951175
AUC: 0.7034985422740525
FPR: 0.5428571428571428
TPR: 0.8163265306122449
F1-score: 0.547945205479452
