Number of rules: 600
Number of conditions: 525
Accuracy: 0.11442786069651742
Train AUC: 0.9993932652442108
AUC: 0.49208417014963174
FPR: 1.0
TPR: 1.0
F1-score: 0.20535714285714285
