Number of rules: 16
Number of conditions: 74
Accuracy: 0.45161290322580644
Train AUC: 0.4666666666666667
AUC: 0.45959595959595956
FPR: 0.5909090909090909
TPR: 0.5555555555555556
F1-score: 0.3703703703703704
