Number of rules: 49
Number of conditions: 132
Accuracy: 0.7663043478260869
Train AUC: 0.9989233099380903
AUC: 0.8752403846153847
FPR: 0.2375
TPR: 0.7692307692307693
F1-score: 0.7881773399014778
