Accuracy: 0.7466666666666667
Train AUC: 0.9394673123486683
AUC: 0.5037593984962406
FPR: 0.0
TPR: 0.0
F1-score: 0.0
