Number of rules: 444
Number of conditions: 887
Accuracy: 0.5804311774461028
Train AUC: 0.9160391205845752
AUC: 0.6137005649717514
FPR: 0.4300062774639046
TPR: 0.6574074074074074
F1-score: 0.2722914669223394
