Number of rules: 47
Number of conditions: 104
Accuracy: 0.8648648648648649
Train AUC: 0.9910714285714286
AUC: 0.9470588235294117
FPR: 0.17647058823529413
TPR: 0.9
F1-score: 0.8780487804878048
