Accuracy: 0.7313468992248062
Train AUC: 0.9932828616886251
AUC: 0.7299870189621742
FPR: 0.4429951690821256
TPR: 0.9067055393586005
F1-score: 0.770915100185912
