Number of rules: 101
Number of conditions: 201
Accuracy: 0.66
Train AUC: 0.9425109333333334
AUC: 0.7013113161728994
FPR: 0.3275862068965517
TPR: 0.6549295774647887
F1-score: 0.732283464566929
