Number of rules: 7840
Number of conditions: 3920
Accuracy: 0.5445095654097092
Train AUC: 0.9655697484068763
AUC: 0.4957395100030787
FPR: 0.4457816221637207
TPR: 0.4718574108818011
F1-score: 0.19629268292682925
