Number of rules: 9
Number of conditions: 39
Accuracy: 0.5933333333333334
Train AUC: 0.8468705781281585
AUC: 0.7262687969924813
FPR: 0.4642857142857143
TPR: 0.7631578947368421
F1-score: 0.4873949579831933
