Number of rules: 20
Number of conditions: 39
Accuracy: 0.6521739130434783
Train AUC: 0.996359126984127
AUC: 0.6272235576923078
FPR: 0.5625
TPR: 0.8173076923076923
F1-score: 0.7264957264957265
