Accuracy: 0.24666666666666667
Train AUC: 0.8642070237277064
AUC: 0.4931860902255639
FPR: 0.9821428571428571
TPR: 0.9210526315789473
F1-score: 0.3825136612021858
