Number of rules: 7
Number of conditions: 27
Accuracy: 0.5866666666666667
Train AUC: 0.8816509188989965
AUC: 0.7058270676691729
FPR: 0.5089285714285714
TPR: 0.868421052631579
F1-score: 0.515625
