Number of rules: 2639
Number of conditions: 2539
Accuracy: 0.3598673300165838
Train AUC: 0.9729483564345951
AUC: 0.430443994350132
FPR: 0.6745222929936305
TPR: 0.5857740585774058
F1-score: 0.19471488178025034
