Number of rules: 22
Number of conditions: 68
Accuracy: 0.6451612903225806
Train AUC: 0.9780701754385964
AUC: 0.7702020202020202
FPR: 0.45454545454545453
TPR: 0.8888888888888888
F1-score: 0.5925925925925926
