Number of rules: 1324
Number of conditions: 662
Accuracy: 0.5496608527131783
Train AUC: 0.9806038929775088
AUC: 0.6597790876184843
FPR: 0.08164251207729468
TPR: 0.17881438289601556
F1-score: 0.2836223506743738
