Number of rules: 12
Number of conditions: 22
Accuracy: 0.7333333333333333
Train AUC: 0.9796380090497737
AUC: 0.8322981366459627
FPR: 0.30434782608695654
TPR: 0.8571428571428571
F1-score: 0.6
