Number of rules: 216
Number of conditions: 232
Accuracy: 0.24489482573314908
Train AUC: 0.8668805132317563
AUC: 0.6281456480939585
FPR: 0.9931327004645526
TPR: 0.9993597951344431
F1-score: 0.3883084577114428
