Number of rules: 354
Number of conditions: 254
Accuracy: 0.6486486486486487
Train AUC: 0.9965034965034965
AUC: 0.8090909090909091
FPR: 0.5333333333333333
TPR: 0.7727272727272727
F1-score: 0.7234042553191491
