Number of rules: 173
Number of conditions: 255
Accuracy: 0.605
Train AUC: 0.9227098246706089
AUC: 0.6703496843127732
FPR: 0.4482758620689655
TPR: 0.6267605633802817
F1-score: 0.6926070038910507
