Accuracy: 0.572139303482587
Train AUC: 0.9868546686728504
AUC: 0.6612452492734182
FPR: 0.4423558897243108
TPR: 0.6807511737089202
F1-score: 0.2725563909774436
