Number of rules: 25
Number of conditions: 49
Accuracy: 0.12935323383084577
Train AUC: 0.7710587521488521
AUC: 0.4987337809357163
FPR: 0.9936828806064435
TPR: 0.9911504424778761
F1-score: 0.2214532871972318
