Accuracy: 0.8532608695652174
Train AUC: 0.9911465169135368
AUC: 0.8546874999999999
FPR: 0.2
TPR: 0.8942307692307693
F1-score: 0.8732394366197184
