Number of rules: 450
Number of conditions: 375
Accuracy: 0.6451612903225806
Train AUC: 0.8969298245614035
AUC: 0.6571428571428571
FPR: 0.14285714285714285
TPR: 0.2
F1-score: 0.26666666666666666
