Number of rules: 611
Number of conditions: 511
Accuracy: 0.675
Train AUC: 0.9002557544757033
AUC: 0.7398119122257053
FPR: 0.2727272727272727
TPR: 0.6551724137931034
F1-score: 0.7450980392156864
