Accuracy: 0.695
Train AUC: 0.9668555887726291
AUC: 0.5248300145701797
FPR: 0.896551724137931
TPR: 0.9366197183098591
F1-score: 0.8134556574923547
