Number of rules: 48
Number of conditions: 200
Accuracy: 0.8315217391304348
Train AUC: 0.9422049017679972
AUC: 0.9003004807692307
FPR: 0.2
TPR: 0.8557692307692307
F1-score: 0.8516746411483254
