Number of rules: 3
Number of conditions: 6
Accuracy: 0.24243820052203285
Train AUC: 0.9018043543095735
AUC: 0.6018308488488079
FPR: 0.9965663502322764
TPR: 1.0
F1-score: 0.3876892529163564
