Number of rules: 17
Number of conditions: 42
Accuracy: 0.7298081213743864
Train AUC: 0.9590821256038647
AUC: 0.7930374739390411
FPR: 0.1865429234338747
TPR: 0.6523420713364847
F1-score: 0.7148575465034143
