Accuracy: 0.7636224098234843
Train AUC: 0.9952582941978488
AUC: 0.8190546882482521
FPR: 0.23756345177664975
TPR: 0.7672955974842768
F1-score: 0.6130653266331658
