Number of rules: 31
Number of conditions: 62
Accuracy: 0.501937984496124
Train AUC: 0.7405096266371696
AUC: 0.730291709506439
FPR: 0.000966183574879227
TPR: 0.001943634596695821
F1-score: 0.003875968992248062
