Accuracy: 0.6451612903225806
Train AUC: 0.8837719298245614
AUC: 0.7136752136752136
FPR: 0.4444444444444444
TPR: 0.7692307692307693
F1-score: 0.6451612903225806
