Accuracy: 0.8081350729086723
Train AUC: 0.9996628455832771
AUC: 0.7666251636177889
FPR: 0.15228426395939088
TPR: 0.6855345911949685
F1-score: 0.6355685131195334
