Accuracy: 0.6146123814835471
Train AUC: 0.9700108098263671
AUC: 0.6809442930556076
FPR: 0.5988764044943821
TPR: 0.8250276854928018
F1-score: 0.6831728564878496
