Number of rules: 157
Number of conditions: 313
Accuracy: 0.7322623828647925
Train AUC: 0.9384135226436551
AUC: 0.7770844031080715
FPR: 0.19303944315545243
TPR: 0.6630855178341212
F1-score: 0.7200186654223052
