Number of rules: 143
Number of conditions: 381
Accuracy: 0.62
Train AUC: 0.9418143719243826
AUC: 0.6658572122389509
FPR: 0.41379310344827586
TPR: 0.6338028169014085
F1-score: 0.7031250000000001
