Accuracy: 0.6756756756756757
Train AUC: 1.0
AUC: 0.7456140350877193
FPR: 0.15789473684210525
TPR: 0.5
F1-score: 0.6
