Number of rules: 431
Number of conditions: 356
Accuracy: 0.7741935483870968
Train AUC: 0.8508771929824561
AUC: 0.8737373737373737
FPR: 0.2727272727272727
TPR: 0.8888888888888888
F1-score: 0.6956521739130435
