Accuracy: 0.7750138197899392
Train AUC: 0.9794177294177294
AUC: 0.8984009062983378
FPR: 0.24555837563451777
TPR: 0.9141630901287554
F1-score: 0.5114045618247299
