Number of rules: 7037
Number of conditions: 4044
Accuracy: 0.63
Train AUC: 0.9944992435950237
AUC: 0.690019426906265
FPR: 0.2413793103448276
TPR: 0.5774647887323944
F1-score: 0.6890756302521008
