Number of rules: 306
Number of conditions: 231
Accuracy: 0.5
Train AUC: 0.9968944099378881
AUC: 0.4569377990430622
FPR: 0.2631578947368421
TPR: 0.09090909090909091
F1-score: 0.11764705882352942
