Number of rules: 173
Number of conditions: 328
Accuracy: 0.64
Train AUC: 0.9655902273826802
AUC: 0.6924477901894124
FPR: 0.3620689655172414
TPR: 0.6408450704225352
F1-score: 0.7165354330708661
