Number of rules: 20
Number of conditions: 50
Accuracy: 0.7290722105495964
Train AUC: 0.9578323232323231
AUC: 0.8696904397516216
FPR: 0.2924658392879529
TPR: 0.8902439024390244
F1-score: 0.43652253909843614
