Number of rules: 6
Number of conditions: 21
Accuracy: 0.6687116564417178
Train AUC: 0.8396487143399013
AUC: 0.7307101076041604
FPR: 0.36395759717314485
TPR: 0.698093220338983
F1-score: 0.6893305439330544
