Accuracy: 0.4055070220059715
Train AUC: 0.9958530303800471
AUC: 0.5778664551768322
FPR: 0.6566378337720947
TPR: 0.8705440900562852
F1-score: 0.256637168141593
