Number of rules: 0
Number of conditions: 0
Accuracy: 0.11719181868435599
Train AUC: 0.5
AUC: 0.5
FPR: 1.0
TPR: 1.0
F1-score: 0.20979713013359724
