Accuracy: 0.26666666666666666
Train AUC: 0.6875
AUC: 0.4034090909090909
FPR: 1.0
TPR: 1.0
F1-score: 0.4210526315789474
