Accuracy: 0.29
Train AUC: 0.991991991991992
AUC: 0.5877246236036912
FPR: 0.0
TPR: 0.0
F1-score: 0.0
