Number of rules: 96
Number of conditions: 191
Accuracy: 0.7977228682170543
Train AUC: 0.9682386188553171
AUC: 0.8307210461824481
FPR: 0.2318840579710145
TPR: 0.8275024295432458
F1-score: 0.8031124734732376
