Number of rules: 90
Number of conditions: 187
Accuracy: 0.665
Train AUC: 0.9696744808125951
AUC: 0.7079893152015542
FPR: 0.29310344827586204
TPR: 0.647887323943662
F1-score: 0.7330677290836654
