Number of rules: 30
Number of conditions: 118
Accuracy: 0.5737976782752903
Train AUC: 0.9886691932146477
AUC: 0.6385445002441236
FPR: 0.4406779661016949
TPR: 0.6805555555555556
F1-score: 0.27605633802816903
