Accuracy: 0.63
Train AUC: 0.9859713622291022
AUC: 0.6752064108790675
FPR: 0.25862068965517243
TPR: 0.5845070422535211
F1-score: 0.6916666666666668
