Accuracy: 0.5750139431121026
Train AUC: 0.9978991509198368
AUC: 0.5773518101377673
FPR: 0.7463193657984145
TPR: 0.8868131868131868
F1-score: 0.6792929292929293
