Number of rules: 107
Number of conditions: 213
Accuracy: 0.4947473183677983
Train AUC: 0.973665285985754
AUC: 0.5697739467197085
FPR: 0.5273912498432994
TPR: 0.6604127579737336
F1-score: 0.23556968378785342
