Number of rules: 2
Number of conditions: 2
Accuracy: 0.7445520581113801
Train AUC: 1.0
AUC: 0.7393016431924883
FPR: 0.4275
TPR: 0.9061032863849765
F1-score: 0.7853509664292981
