Number of rules: 6321
Number of conditions: 5129
Accuracy: 0.5212871834568175
Train AUC: 0.956811391623854
AUC: 0.5077189555996002
FPR: 0.4753666792027078
TPR: 0.49624765478424016
F1-score: 0.19639873770187488
