Number of rules: 5540
Number of conditions: 999
Accuracy: 0.24796560724704436
Train AUC: 0.9835020360674811
AUC: 0.6629630429424751
FPR: 0.9892950919006261
TPR: 1.0
F1-score: 0.3894290700573423
