Number of rules: 40
Number of conditions: 76
Accuracy: 0.498546511627907
Train AUC: 0.898820223558338
AUC: 0.7264290878532227
FPR: 1.0
TPR: 1.0
F1-score: 0.6653734238603298
