Number of rules: 6
Number of conditions: 11
Accuracy: 0.7966101694915254
Train AUC: 0.9943822254335262
AUC: 0.8669124894395944
FPR: 0.11320754716981132
TPR: 0.7014925373134329
F1-score: 0.7704918032786885
