Number of rules: 110
Number of conditions: 357
Accuracy: 0.7521840097312839
Train AUC: 0.9264475648385256
AUC: 0.841030650738133
FPR: 0.2536041118214868
TPR: 0.7954971857410882
F1-score: 0.43078486156972323
