Accuracy: 0.7356385945343
Train AUC: 0.9950560789591745
AUC: 0.79069184888669
FPR: 0.33849821215733017
TPR: 0.80083857442348
F1-score: 0.7632367632367633
