Number of rules: 193
Number of conditions: 118
Accuracy: 0.16666666666666666
Train AUC: 0.9642857142857143
AUC: 0.29166666666666663
FPR: 1.0
TPR: 0.8333333333333334
F1-score: 0.28571428571428575
