Number of rules: 15
Number of conditions: 28
Accuracy: 0.8123486682808717
Train AUC: 0.984739639930688
AUC: 0.8906131651723591
FPR: 0.19114219114219114
TPR: 0.8161209068010076
F1-score: 0.8069738480697386
