Accuracy: 0.6216216216216216
Train AUC: 1.0
AUC: 0.6323529411764706
FPR: 0.15
TPR: 0.35294117647058826
F1-score: 0.46153846153846156
