Number of rules: 6727
Number of conditions: 2165
Accuracy: 0.40760809465885217
Train AUC: 0.9946166903976978
AUC: 0.6039012018841222
FPR: 0.6532531026701768
TPR: 0.8630393996247655
F1-score: 0.25566208142281505
