Accuracy: 0.825
Train AUC: 0.9296675191815857
AUC: 0.9263322884012539
FPR: 0.0
TPR: 0.7586206896551724
F1-score: 0.8627450980392156
