Accuracy: 0.7736077481840193
Train AUC: 0.9906641377649326
AUC: 0.8504440195204355
FPR: 0.13507109004739337
TPR: 0.6782178217821783
F1-score: 0.745578231292517
