Number of rules: 2087
Number of conditions: 1987
Accuracy: 0.564400221116639
Train AUC: 0.9924706742888562
AUC: 0.6598862178921482
FPR: 0.45112781954887216
TPR: 0.6807511737089202
F1-score: 0.2690166975881262
