Number of rules: 55
Number of conditions: 211
Accuracy: 0.6756756756756757
Train AUC: 0.6048951048951049
AUC: 0.8878787878787879
FPR: 0.0
TPR: 0.45454545454545453
F1-score: 0.625
