Number of rules: 7893
Number of conditions: 7541
Accuracy: 0.7337662337662337
Train AUC: 0.9765937257382753
AUC: 0.7752186588921283
FPR: 0.22857142857142856
TPR: 0.6530612244897959
F1-score: 0.6095238095238094
