Accuracy: 0.2745278673422386
Train AUC: 0.9478600543478262
AUC: 0.6668958869908457
FPR: 0.9539486972328822
TPR: 0.998719590268886
F1-score: 0.39770554493307836
