Number of rules: 42
Number of conditions: 125
Accuracy: 0.657608695652174
Train AUC: 0.9994672147705237
AUC: 0.5408052884615385
FPR: 0.55
TPR: 0.8173076923076923
F1-score: 0.7296137339055793
