Number of rules: 17
Number of conditions: 28
Accuracy: 0.6066666666666667
Train AUC: 0.9166401655366585
AUC: 0.7279135338345866
FPR: 0.44642857142857145
TPR: 0.7631578947368421
F1-score: 0.49572649572649574
