Number of rules: 61
Number of conditions: 225
Accuracy: 0.8369565217391305
Train AUC: 0.9534551906745751
AUC: 0.9109975961538461
FPR: 0.1875
TPR: 0.8557692307692307
F1-score: 0.8557692307692307
