Accuracy: 0.5806451612903226
Train AUC: 0.8969298245614035
AUC: 0.6681818181818182
FPR: 0.45
TPR: 0.6363636363636364
F1-score: 0.5185185185185185
