Accuracy: 0.7597113465376938
Train AUC: 0.9381024778417546
AUC: 0.8030119628182049
FPR: 0.2387396485558473
TPR: 0.7548015364916774
F1-score: 0.601070609227632
