Number of rules: 2588
Number of conditions: 2488
Accuracy: 0.3548922056384743
Train AUC: 0.9684168023617565
AUC: 0.44895666353435415
FPR: 0.6765822784810127
TPR: 0.5720524017467249
F1-score: 0.18334499650104968
