Accuracy: 0.7717391304347826
Train AUC: 0.9999069142477862
AUC: 0.7769230769230769
FPR: 0.225
TPR: 0.7692307692307693
F1-score: 0.7920792079207921
