Number of rules: 132
Number of conditions: 307
Accuracy: 0.7
Train AUC: 0.7199999999999999
AUC: 0.7065527065527066
FPR: 0.46153846153846156
TPR: 0.7777777777777778
F1-score: 0.7777777777777778
