Accuracy: 0.5688225538971807
Train AUC: 0.9886145795236704
AUC: 0.65907335320236
FPR: 0.4463840399002494
TPR: 0.6878048780487804
F1-score: 0.2655367231638418
