Number of rules: 1929
Number of conditions: 1829
Accuracy: 0.5750139431121026
Train AUC: 0.9977128943644386
AUC: 0.576676664219133
FPR: 0.7429218573046432
TPR: 0.8835164835164835
F1-score: 0.6784810126582278
