Accuracy: 0.5815217391304348
Train AUC: 0.9996892755681819
AUC: 0.6503004807692309
FPR: 0.275
TPR: 0.47115384615384615
F1-score: 0.5599999999999999
