Number of rules: 7
Number of conditions: 14
Accuracy: 0.54
Train AUC: 0.9415963659961064
AUC: 0.6546052631578947
FPR: 0.5446428571428571
TPR: 0.7894736842105263
F1-score: 0.46511627906976744
