Number of rules: 7840
Number of conditions: 3920
Accuracy: 0.8311070167357593
Train AUC: 0.9804282562903253
AUC: 0.8767885586041543
FPR: 0.11028075136336093
TPR: 0.645326504481434
F1-score: 0.6469833119383825
