Number of rules: 63
Number of conditions: 245
Accuracy: 0.8108108108108109
Train AUC: 0.9672619047619048
AUC: 0.9455128205128205
FPR: 0.07692307692307693
TPR: 0.75
F1-score: 0.8372093023255814
