Number of rules: 272
Number of conditions: 543
Accuracy: 0.5733333333333334
Train AUC: 0.9020260595647194
AUC: 0.6742246240601504
FPR: 0.5178571428571429
TPR: 0.8421052631578947
F1-score: 0.5
