Number of rules: 72
Number of conditions: 131
Accuracy: 0.8918918918918919
Train AUC: 0.9210526315789475
AUC: 0.9702380952380953
FPR: 0.19047619047619047
TPR: 1.0
F1-score: 0.888888888888889
