Number of rules: 164
Number of conditions: 277
Accuracy: 0.7559478127398311
Train AUC: 0.986645761870113
AUC: 0.8342810994724367
FPR: 0.24390243902439024
TPR: 0.7554858934169278
F1-score: 0.6024999999999999
