Number of rules: 621
Number of conditions: 63
Accuracy: 0.33766233766233766
Train AUC: 0.992749581706637
AUC: 0.5916423712342079
FPR: 0.9714285714285714
TPR: 1.0
F1-score: 0.48999999999999994
