Number of rules: 7
Number of conditions: 25
Accuracy: 0.7133333333333334
Train AUC: 0.9326545358095039
AUC: 0.8008693609022556
FPR: 0.25
TPR: 0.6052631578947368
F1-score: 0.5168539325842696
