Number of rules: 93
Number of conditions: 185
Accuracy: 0.801452784503632
Train AUC: 0.9484164258188825
AUC: 0.8014527845036319
FPR: 0.11380145278450363
TPR: 0.7167070217917676
F1-score: 0.7830687830687831
