Number of rules: 11
Number of conditions: 37
Accuracy: 0.43333333333333335
Train AUC: 0.982638888888889
AUC: 0.6076555023923446
FPR: 0.7368421052631579
TPR: 0.7272727272727273
F1-score: 0.4848484848484849
