Number of rules: 235
Number of conditions: 166
Accuracy: 0.766774144019653
Train AUC: 0.9557473026440658
AUC: 0.8384780968730434
FPR: 0.23167036962229853
TPR: 0.7618437900128041
F1-score: 0.6104129263913824
