Number of rules: 14
Number of conditions: 66
Accuracy: 0.3225806451612903
Train AUC: 0.36666666666666664
AUC: 0.3686868686868687
FPR: 0.8636363636363636
TPR: 0.7777777777777778
F1-score: 0.39999999999999997
