Number of rules: 117
Number of conditions: 165
Accuracy: 0.1266172730288621
Train AUC: 0.9819732818284242
AUC: 0.5213739501065564
FPR: 0.9893443650495174
TPR: 0.9943714821763602
F1-score: 0.2116190856458375
