Number of rules: 9351
Number of conditions: 5129
Accuracy: 0.5266666666666666
Train AUC: 0.9811228140235277
AUC: 0.6732847744360902
FPR: 0.5714285714285714
TPR: 0.8157894736842105
F1-score: 0.4661654135338346
