Number of rules: 177
Number of conditions: 353
Accuracy: 0.29470452801227937
Train AUC: 0.7938147566718996
AUC: 0.5328233115680733
FPR: 0.9214501510574018
TPR: 0.9870967741935484
F1-score: 0.39973873285434364
