Number of rules: 160
Number of conditions: 426
Accuracy: 0.65
Train AUC: 0.8874680306905371
AUC: 0.677115987460815
FPR: 0.2727272727272727
TPR: 0.6206896551724138
F1-score: 0.7200000000000001
