Accuracy: 0.7751937984496124
Train AUC: 0.9901786487701655
AUC: 0.8690179246301695
FPR: 0.08647342995169083
TPR: 0.6360544217687075
F1-score: 0.7382966723068247
