Number of rules: 6890
Number of conditions: 2349
Accuracy: 0.833870720098265
Train AUC: 0.9792791752718378
AUC: 0.8792488409460084
FPR: 0.10624116340133306
TPR: 0.6440460947503202
F1-score: 0.6502908855850033
