Number of rules: 269
Number of conditions: 348
Accuracy: 0.7382962394474291
Train AUC: 0.9948113922133011
AUC: 0.8311963756685007
FPR: 0.2695035460992908
TPR: 0.7626582278481012
F1-score: 0.5856622114216281
