Number of rules: 70
Number of conditions: 236
Accuracy: 0.7068450735375429
Train AUC: 0.904905039996074
AUC: 0.8449541023312567
FPR: 0.3117713426100038
TPR: 0.8461538461538461
F1-score: 0.4049382716049383
