Number of rules: 17
Number of conditions: 33
Accuracy: 0.657608695652174
Train AUC: 0.9999305525621316
AUC: 0.6253004807692307
FPR: 0.55
TPR: 0.8173076923076923
F1-score: 0.7296137339055793
