Number of rules: 14
Number of conditions: 36
Accuracy: 0.6192547969656403
Train AUC: 0.7760840108401084
AUC: 0.7098784121036515
FPR: 0.5832946635730858
TPR: 0.8068328319724968
F1-score: 0.6875400530989655
