Number of rules: 377
Number of conditions: 302
Accuracy: 0.7567567567567568
Train AUC: 0.9941520467836257
AUC: 0.9363636363636364
FPR: 0.13333333333333333
TPR: 0.6818181818181818
F1-score: 0.7692307692307693
