Number of rules: 211
Number of conditions: 421
Accuracy: 0.7551803530314658
Train AUC: 0.9447520577690248
AUC: 0.7493251781331252
FPR: 0.23976023976023977
TPR: 0.7384105960264901
F1-score: 0.5830065359477125
