Number of rules: 11
Number of conditions: 30
Accuracy: 0.2943344081068632
Train AUC: 0.9158702702702703
AUC: 0.7735033805041003
FPR: 0.9274893960815996
TPR: 0.9974391805377721
F1-score: 0.40404564315352703
