Number of rules: 24
Number of conditions: 57
Accuracy: 0.7722498618021006
Train AUC: 0.97494734994735
AUC: 0.8837957501998558
FPR: 0.2406822488945041
TPR: 0.8628318584070797
F1-score: 0.48628428927680806
