Number of rules: 18
Number of conditions: 33
Accuracy: 0.6
Train AUC: 0.9164181995822384
AUC: 0.7328477443609023
FPR: 0.4642857142857143
TPR: 0.7894736842105263
F1-score: 0.4999999999999999
