Accuracy: 0.3
Train AUC: 0.9756944444444444
AUC: 0.49652777777777773
FPR: 0.7916666666666666
TPR: 0.6666666666666666
F1-score: 0.27586206896551724
