Number of rules: 234
Number of conditions: 416
Accuracy: 0.7567152724481965
Train AUC: 0.9885926374791699
AUC: 0.8283084081090063
FPR: 0.24925224327018944
TPR: 0.7766666666666666
F1-score: 0.5951468710089399
