Number of rules: 10
Number of conditions: 30
Accuracy: 0.6129032258064516
Train AUC: 0.7302631578947368
AUC: 0.797979797979798
FPR: 0.45454545454545453
TPR: 0.7777777777777778
F1-score: 0.5384615384615384
