Accuracy: 0.7536454336147352
Train AUC: 1.0
AUC: 0.7505139853252573
FPR: 0.24301964839710444
TPR: 0.7440476190476191
F1-score: 0.6090133982947624
