Number of rules: 4
Number of conditions: 18
Accuracy: 0.7027027027027027
Train AUC: 0.8548951048951049
AUC: 0.7590909090909093
FPR: 0.2
TPR: 0.6363636363636364
F1-score: 0.717948717948718
