Number of rules: 726
Number of conditions: 626
Accuracy: 0.801452784503632
Train AUC: 0.9853857675702663
AUC: 0.8721306573323249
FPR: 0.17603911980440098
TPR: 0.7793764988009593
F1-score: 0.7985257985257985
