Number of rules: 131
Number of conditions: 237
Accuracy: 0.4847982310668878
Train AUC: 0.9412350548714186
AUC: 0.6925543600721047
FPR: 0.5533123028391167
TPR: 0.7544642857142857
F1-score: 0.2661417322834646
