Number of rules: 265
Number of conditions: 529
Accuracy: 0.4716355191861108
Train AUC: 0.8077412954821012
AUC: 0.4835646150600425
FPR: 0.5310267017675818
TPR: 0.4915572232645403
F1-score: 0.17988328184002747
