Accuracy: 0.3181818181818182
Train AUC: 0.9504956201014293
AUC: 0.47482993197278905
FPR: 0.9904761904761905
TPR: 0.9795918367346939
F1-score: 0.4776119402985075
