Number of rules: 26
Number of conditions: 51
Accuracy: 0.7313468992248062
Train AUC: 0.9966079121900642
AUC: 0.7327347502147857
FPR: 0.4429951690821256
TPR: 0.9067055393586005
F1-score: 0.770915100185912
