Number of rules: 1389
Number of conditions: 197
Accuracy: 0.7663043478260869
Train AUC: 0.9996972431077694
AUC: 0.8320312499999999
FPR: 0.2375
TPR: 0.7692307692307693
F1-score: 0.7881773399014778
