Number of rules: 452
Number of conditions: 903
Accuracy: 0.5737976782752903
Train AUC: 0.9160133478315297
AUC: 0.6140350877192982
FPR: 0.43859649122807015
TPR: 0.6666666666666666
F1-score: 0.26919431279620853
