Number of rules: 462
Number of conditions: 362
Accuracy: 0.725
Train AUC: 0.9539641943734016
AUC: 0.7633928571428571
FPR: 0.25
TPR: 0.7142857142857143
F1-score: 0.7843137254901961
