Number of rules: 72
Number of conditions: 192
Accuracy: 0.7445520581113801
Train AUC: 0.9999999999999999
AUC: 0.7779929577464789
FPR: 0.4275
TPR: 0.9061032863849765
F1-score: 0.7853509664292981
