Accuracy: 0.27321565617805066
Train AUC: 0.9724960753532181
AUC: 0.6616021830230971
FPR: 0.9536757301107754
TPR: 1.0
F1-score: 0.3956604977664327
