Accuracy: 0.6363636363636364
Train AUC: 0.9137854281050599
AUC: 0.7043731778425656
FPR: 0.41904761904761906
TPR: 0.7551020408163265
F1-score: 0.5692307692307692
