Number of rules: 27
Number of conditions: 94
Accuracy: 0.5533443891652847
Train AUC: 0.9858384858384859
AUC: 0.6330929227904653
FPR: 0.45746691871455575
TPR: 0.6306306306306306
F1-score: 0.2573529411764706
