Number of rules: 32
Number of conditions: 127
Accuracy: 0.5655058043117744
Train AUC: 0.9863649863649864
AUC: 0.6505443707803662
FPR: 0.4463840399002494
TPR: 0.6585365853658537
F1-score: 0.2556818181818182
