Number of rules: 2935
Number of conditions: 2835
Accuracy: 0.6235359732292247
Train AUC: 0.9702076191651172
AUC: 0.6969367293560842
FPR: 0.5841013824884793
TPR: 0.8183783783783783
F1-score: 0.691640018273184
