Number of rules: 2416
Number of conditions: 2316
Accuracy: 0.7694859038142621
Train AUC: 0.9835391978249122
AUC: 0.9002001715756363
FPR: 0.2503097893432466
TPR: 0.9333333333333333
F1-score: 0.4660691421254802
