Number of rules: 120
Number of conditions: 371
Accuracy: 0.35765616362631286
Train AUC: 0.9370771939579279
AUC: 0.44923304405505504
FPR: 0.6778481012658227
TPR: 0.6026200873362445
F1-score: 0.19193324061196104
