Number of rules: 63
Number of conditions: 221
Accuracy: 0.7837837837837838
Train AUC: 0.8391608391608392
AUC: 0.8303030303030303
FPR: 0.2
TPR: 0.7727272727272727
F1-score: 0.8095238095238095
