Number of rules: 151
Number of conditions: 402
Accuracy: 0.675
Train AUC: 0.8925831202046036
AUC: 0.6802507836990596
FPR: 0.2727272727272727
TPR: 0.6551724137931034
F1-score: 0.7450980392156864
