Accuracy: 0.4907663386044454
Train AUC: 0.9813025539248968
AUC: 0.55661815947867
FPR: 0.5290209351886674
TPR: 0.6388367729831145
F1-score: 0.22825540472599293
