Accuracy: 0.7534857780256553
Train AUC: 0.9919421652592282
AUC: 0.8254173992194418
FPR: 0.21754385964912282
TPR: 0.7270788912579957
F1-score: 0.7552602436323366
