Number of rules: 10894
Number of conditions: 10174
Accuracy: 0.751561802766622
Train AUC: 0.980542171975838
AUC: 0.8378292704327391
FPR: 0.17447795823665893
TPR: 0.683068328319725
F1-score: 0.7405940594059406
