Number of rules: 150
Number of conditions: 374
Accuracy: 0.675
Train AUC: 0.8030690537084398
AUC: 0.7272727272727273
FPR: 0.18181818181818182
TPR: 0.6206896551724138
F1-score: 0.7346938775510204
