Number of rules: 506
Number of conditions: 431
Accuracy: 0.8064516129032258
Train AUC: 0.8464912280701755
AUC: 0.8636363636363636
FPR: 0.13636363636363635
TPR: 0.6666666666666666
F1-score: 0.6666666666666666
