Number of rules: 2800
Number of conditions: 2700
Accuracy: 0.7590630228667038
Train AUC: 0.9918623105947177
AUC: 0.827999725682365
FPR: 0.20350877192982456
TPR: 0.7249466950959488
F1-score: 0.7589285714285713
