Number of rules: 9
Number of conditions: 36
Accuracy: 0.65
Train AUC: 0.9054054054054054
AUC: 0.5164835164835164
FPR: 0.9285714285714286
TPR: 0.9615384615384616
F1-score: 0.78125
