Accuracy: 0.6451612903225806
Train AUC: 0.9078947368421052
AUC: 0.7428571428571429
FPR: 0.23809523809523808
TPR: 0.4
F1-score: 0.4210526315789474
