Number of rules: 166
Number of conditions: 331
Accuracy: 0.2870299309286262
Train AUC: 0.7778492935635792
AUC: 0.5313812252266394
FPR: 0.9307228915662651
TPR: 0.993485342019544
F1-score: 0.396361273554256
