Number of rules: 0
Number of conditions: 0
Accuracy: 0.11788123410372664
Train AUC: 0.5
AUC: 0.5
FPR: 1.0
TPR: 1.0
F1-score: 0.21090117716885942
