Number of rules: 300
Number of conditions: 225
Accuracy: 0.7
Train AUC: 0.8108108108108109
AUC: 0.4683333333333333
FPR: 1.0
TPR: 0.9333333333333333
F1-score: 0.8235294117647058
