Number of rules: 11
Number of conditions: 21
Accuracy: 0.5666666666666667
Train AUC: 0.9166666666666667
AUC: 0.7173913043478262
FPR: 0.5652173913043478
TPR: 1.0
F1-score: 0.5185185185185185
