Accuracy: 0.6079196876742889
Train AUC: 0.9683401335366052
AUC: 0.6839294158640087
FPR: 0.6033898305084746
TPR: 0.8138766519823789
F1-score: 0.677670793214122
