Number of rules: 6
Number of conditions: 11
Accuracy: 0.7675544794188862
Train AUC: 0.991537210982659
AUC: 0.841428722256112
FPR: 0.13270142180094788
TPR: 0.6633663366336634
F1-score: 0.7362637362637363
