Number of rules: 25
Number of conditions: 100
Accuracy: 0.4753953334070552
Train AUC: 0.9843379620731628
AUC: 0.6156702042763188
FPR: 0.5512097279679077
TPR: 0.6744840525328331
F1-score: 0.23261080556454222
