Accuracy: 0.5666666666666667
Train AUC: 0.968944099378882
AUC: 0.2724867724867725
FPR: 0.19047619047619047
TPR: 0.0
F1-score: 0.0
