Number of rules: 218
Number of conditions: 435
Accuracy: 0.7536454336147352
Train AUC: 0.9518709286471746
AUC: 0.7582087072116982
FPR: 0.2502492522432702
TPR: 0.7666666666666667
F1-score: 0.58898847631242
