Number of rules: 46
Number of conditions: 91
Accuracy: 0.4101514983965498
Train AUC: 0.9689422050526102
AUC: 0.6160179441786318
FPR: 0.649241569512348
TPR: 0.8545966228893058
F1-score: 0.2546115148127445
