Accuracy: 0.7869249394673123
Train AUC: 0.9964926541425818
AUC: 0.8687810945273632
FPR: 0.11940298507462686
TPR: 0.6981132075471698
F1-score: 0.7708333333333334
