Number of rules: 5
Number of conditions: 8
Accuracy: 0.7313468992248062
Train AUC: 0.9910625926294208
AUC: 0.7593287418487064
FPR: 0.4429951690821256
TPR: 0.9067055393586005
F1-score: 0.770915100185912
