Number of rules: 5
Number of conditions: 13
Accuracy: 0.3225806451612903
Train AUC: 1.0
AUC: 0.5896739130434783
FPR: 0.9130434782608695
TPR: 1.0
F1-score: 0.4324324324324324
