Number of rules: 1960
Number of conditions: 1860
Accuracy: 0.5774818401937046
Train AUC: 0.9699611770846926
AUC: 0.7333626760563379
FPR: 0.1431924882629108
TPR: 0.28
F1-score: 0.3909249563699826
