Accuracy: 0.7837837837837838
Train AUC: 1.0
AUC: 0.9454545454545454
FPR: 0.13333333333333333
TPR: 0.7272727272727273
F1-score: 0.7999999999999999
