Accuracy: 0.23998157531091663
Train AUC: 0.9680202182206993
AUC: 0.6246410727821511
FPR: 0.9997980206018986
TPR: 1.0
F1-score: 0.3869209809264305
