Number of rules: 7
Number of conditions: 27
Accuracy: 0.6005131637661758
Train AUC: 0.7316506744541788
AUC: 0.6733758949963957
FPR: 0.7946635730858469
TPR: 0.9664804469273743
F1-score: 0.7152739126977818
