Number of rules: 23
Number of conditions: 69
Accuracy: 0.7810945273631841
Train AUC: 0.9662273590845019
AUC: 0.8843977377434626
FPR: 0.23234200743494424
TPR: 0.8923076923076924
F1-score: 0.46774193548387105
