Accuracy: 0.6
Train AUC: 1.0
AUC: 0.29807692307692313
FPR: 0.3076923076923077
TPR: 0.0
F1-score: 0.0
