Number of rules: 84
Number of conditions: 167
Accuracy: 0.4074074074074074
Train AUC: 0.9779798499925023
AUC: 0.6130038875598086
FPR: 0.654375
TPR: 0.8803827751196173
F1-score: 0.25555555555555554
