Number of rules: 18593
Number of conditions: 15950
Accuracy: 0.72
Train AUC: 0.9886219974715551
AUC: 0.7558740601503758
FPR: 0.2767857142857143
TPR: 0.7105263157894737
F1-score: 0.5625
