Number of rules: 24
Number of conditions: 47
Accuracy: 0.657608695652174
Train AUC: 0.9991483314596625
AUC: 0.6298677884615385
FPR: 0.55
TPR: 0.8173076923076923
F1-score: 0.7296137339055793
