Number of rules: 16
Number of conditions: 31
Accuracy: 0.7466666666666667
Train AUC: 0.9146465416476088
AUC: 0.4613486842105263
FPR: 0.0
TPR: 0.0
F1-score: 0.0
