Accuracy: 0.4068340152604224
Train AUC: 0.9926598505141457
AUC: 0.5680587081856585
FPR: 0.6540052651372696
TPR: 0.8621013133208255
F1-score: 0.2552068869758401
