Number of rules: 270
Number of conditions: 539
Accuracy: 0.585956416464891
Train AUC: 0.8341543781808691
AUC: 0.5872365373904377
FPR: 0.14841849148418493
TPR: 0.3228915662650602
F1-score: 0.43934426229508194
