Accuracy: 0.6129032258064516
Train AUC: 0.8903508771929824
AUC: 0.8535353535353536
FPR: 0.5454545454545454
TPR: 1.0
F1-score: 0.6
