Number of rules: 246
Number of conditions: 265
Accuracy: 0.8189774297558728
Train AUC: 0.8160249153023885
AUC: 0.8517233290859901
FPR: 0.053726519894970716
TPR: 0.4154929577464789
F1-score: 0.5240209931368591
