Number of rules: 269
Number of conditions: 399
Accuracy: 0.7912509593246354
Train AUC: 0.9898175738886387
AUC: 0.8567019547229143
FPR: 0.18227091633466136
TPR: 0.7023411371237458
F1-score: 0.6069364161849711
