Number of rules: 307
Number of conditions: 316
Accuracy: 0.8142747505755947
Train AUC: 0.9877039950105679
AUC: 0.8623445344955016
FPR: 0.14329268292682926
TPR: 0.6833855799373041
F1-score: 0.6430678466076697
