Number of rules: 9726
Number of conditions: 4863
Accuracy: 0.5457259758929559
Train AUC: 0.9522847817217461
AUC: 0.49505155652707916
FPR: 0.4437758555848063
TPR: 0.46716697936210133
F1-score: 0.195141065830721
