Number of rules: 449
Number of conditions: 374
Accuracy: 0.6129032258064516
Train AUC: 0.868421052631579
AUC: 0.6965811965811965
FPR: 0.5555555555555556
TPR: 0.8461538461538461
F1-score: 0.6470588235294118
