Number of rules: 208
Number of conditions: 359
Accuracy: 0.7770612620912022
Train AUC: 0.9517718610623057
AUC: 0.8439481567246339
FPR: 0.21127045041405776
TPR: 0.7400768245838668
F1-score: 0.614240170031881
