Number of rules: 392
Number of conditions: 783
Accuracy: 0.8012279355333844
Train AUC: 0.9049921931634417
AUC: 0.7742141203249481
FPR: 0.1746987951807229
TPR: 0.7231270358306189
F1-score: 0.631578947368421
