Number of rules: 132
Number of conditions: 323
Accuracy: 0.5
Train AUC: 0.7928388746803069
AUC: 0.5863095238095238
FPR: 0.3333333333333333
TPR: 0.42857142857142855
F1-score: 0.5454545454545454
