Number of rules: 7
Number of conditions: 14
Accuracy: 0.5733333333333334
Train AUC: 0.9472287896223455
AUC: 0.6555451127819549
FPR: 0.49107142857142855
TPR: 0.7631578947368421
F1-score: 0.4754098360655738
