Number of rules: 307
Number of conditions: 183
Accuracy: 0.26630851880276285
Train AUC: 0.9787598116169545
AUC: 0.6926860536608976
FPR: 0.9598393574297188
TPR: 1.0
F1-score: 0.39108280254777067
