Number of rules: 80
Number of conditions: 159
Accuracy: 0.615
Train AUC: 0.9746747137159033
AUC: 0.647887323943662
FPR: 0.25862068965517243
TPR: 0.5633802816901409
F1-score: 0.6751054852320675
