Accuracy: 0.11553344389165285
Train AUC: 0.9982556375771059
AUC: 0.47888810484478944
FPR: 0.99812734082397
TPR: 0.9951690821256038
F1-score: 0.2047713717693837
