Number of rules: 19
Number of conditions: 40
Accuracy: 0.6103896103896104
Train AUC: 0.8919246767703806
AUC: 0.6731778425655977
FPR: 0.42857142857142855
TPR: 0.6938775510204082
F1-score: 0.53125
