Accuracy: 0.6756756756756757
Train AUC: 0.9982517482517482
AUC: 0.7212121212121212
FPR: 0.4666666666666667
TPR: 0.7727272727272727
F1-score: 0.7391304347826088
