Accuracy: 0.63
Train AUC: 0.9675556361877116
AUC: 0.6919621175327829
FPR: 0.3448275862068966
TPR: 0.6197183098591549
F1-score: 0.704
