Number of rules: 5749
Number of conditions: 180
Accuracy: 0.7663043478260869
Train AUC: 0.9998319569809871
AUC: 0.7561298076923078
FPR: 0.2375
TPR: 0.7692307692307693
F1-score: 0.7881773399014778
