Number of rules: 14
Number of conditions: 51
Accuracy: 0.41935483870967744
Train AUC: 0.9913793103448276
AUC: 0.6195652173913043
FPR: 0.7391304347826086
TPR: 0.875
F1-score: 0.43750000000000006
