Number of rules: 208
Number of conditions: 402
Accuracy: 0.25172678434382195
Train AUC: 0.8915343915343915
AUC: 0.5869903064415259
FPR: 1.0
TPR: 1.0
F1-score: 0.40220723482526055
