Accuracy: 0.6521739130434783
Train AUC: 0.9998611051242631
AUC: 0.6067908653846155
FPR: 0.5625
TPR: 0.8173076923076923
F1-score: 0.7264957264957265
