Number of rules: 2386
Number of conditions: 2286
Accuracy: 0.7672747374239911
Train AUC: 0.9857218071503787
AUC: 0.8853152267786414
FPR: 0.25265791119449654
TPR: 0.919047619047619
F1-score: 0.47831474597273854
