Number of rules: 43
Number of conditions: 85
Accuracy: 0.7274709302325582
Train AUC: 0.991924741924742
AUC: 0.734361605235607
FPR: 0.4400966183574879
TPR: 0.8960155490767736
F1-score: 0.7662580511115727
