Number of rules: 7
Number of conditions: 14
Accuracy: 0.5466666666666666
Train AUC: 0.9469112348509662
AUC: 0.643796992481203
FPR: 0.5446428571428571
TPR: 0.8157894736842105
F1-score: 0.47692307692307695
