Number of rules: 11
Number of conditions: 31
Accuracy: 0.4666666666666667
Train AUC: 0.9513888888888888
AUC: 0.5590277777777777
FPR: 0.5833333333333334
TPR: 0.6666666666666666
F1-score: 0.3333333333333333
