Number of rules: 6
Number of conditions: 13
Accuracy: 0.58
Train AUC: 0.8499958333333333
AUC: 0.7458881578947368
FPR: 0.5357142857142857
TPR: 0.9210526315789473
F1-score: 0.5263157894736842
