Number of rules: 14
Number of conditions: 74
Accuracy: 0.6451612903225806
Train AUC: 0.7324561403508771
AUC: 0.7958333333333334
FPR: 0.1875
TPR: 0.4666666666666667
F1-score: 0.56
