Number of rules: 124
Number of conditions: 291
Accuracy: 0.7
Train AUC: 0.7199999999999999
AUC: 0.7094017094017093
FPR: 0.5384615384615384
TPR: 0.8148148148148148
F1-score: 0.7857142857142857
