Number of rules: 2000
Number of conditions: 1900
Accuracy: 0.8242517267843438
Train AUC: 0.9922349857804049
AUC: 0.8907486624020512
FPR: 0.15562248995983935
TPR: 0.758957654723127
F1-score: 0.6705035971223022
