Number of rules: 273
Number of conditions: 545
Accuracy: 0.5738498789346247
Train AUC: 0.7988875114185046
AUC: 0.5763897439505609
FPR: 0.16136919315403422
TPR: 0.31414868105515587
F1-score: 0.42671009771986973
