Accuracy: 0.34415584415584416
Train AUC: 0.9671428571428571
AUC: 0.5048590864917395
FPR: 0.9523809523809523
TPR: 0.9795918367346939
F1-score: 0.4873096446700507
