Number of rules: 9
Number of conditions: 17
Accuracy: 0.6521739130434783
Train AUC: 0.999888897866839
AUC: 0.6365985576923077
FPR: 0.5625
TPR: 0.8173076923076923
F1-score: 0.7264957264957265
