Number of rules: 70
Number of conditions: 264
Accuracy: 0.7348668280871671
Train AUC: 1.0
AUC: 0.7849460473844712
FPR: 0.43842364532019706
TPR: 0.9023809523809524
F1-score: 0.7758444216990787
