Number of rules: 6
Number of conditions: 11
Accuracy: 0.1935483870967742
Train AUC: 0.5
AUC: 0.5
FPR: 1.0
TPR: 1.0
F1-score: 0.3243243243243243
