Number of rules: 3466
Number of conditions: 767
Accuracy: 0.66
Train AUC: 0.9803291619398752
AUC: 0.6939048081593007
FPR: 0.3620689655172414
TPR: 0.6690140845070423
F1-score: 0.7364341085271319
