Accuracy: 0.2900353139874098
Train AUC: 0.9190990990990991
AUC: 0.6639997067290173
FPR: 0.9317309634417289
TPR: 0.9929577464788732
F1-score: 0.40150142376391407
