Number of rules: 17
Number of conditions: 75
Accuracy: 0.7419354838709677
Train AUC: 0.8114035087719298
AUC: 0.787878787878788
FPR: 0.18181818181818182
TPR: 0.5555555555555556
F1-score: 0.5555555555555556
