Number of rules: 13
Number of conditions: 46
Accuracy: 0.41302665044786024
Train AUC: 0.9925544861157207
AUC: 0.57393247848352
FPR: 0.6395888178513226
TPR: 0.8067542213883677
F1-score: 0.24473534433693797
