Accuracy: 0.23100537221795855
Train AUC: 0.9163359788359788
AUC: 0.5473695579926886
FPR: 0.9990029910269193
TPR: 1.0
F1-score: 0.3745318352059925
