Number of rules: 114
Number of conditions: 352
Accuracy: 0.4074074074074074
Train AUC: 0.9425930338774376
AUC: 0.431749860085814
FPR: 0.6146496815286624
TPR: 0.5523012552301255
F1-score: 0.19760479041916168
