Number of rules: 156
Number of conditions: 311
Accuracy: 0.5066666666666667
Train AUC: 0.9519230769230769
AUC: 0.5790648496240601
FPR: 0.5803571428571429
TPR: 0.7631578947368421
F1-score: 0.4393939393939394
