Number of rules: 18
Number of conditions: 42
Accuracy: 0.3870967741935484
Train AUC: 0.5517241379310345
AUC: 0.37142857142857144
FPR: 0.7619047619047619
TPR: 0.7
F1-score: 0.42424242424242425
