Number of rules: 34
Number of conditions: 67
Accuracy: 0.23714504988488105
Train AUC: 0.5694995590828924
AUC: 0.5008656657577449
FPR: 0.9949899799599199
TPR: 0.9967213114754099
F1-score: 0.3795255930087391
