Number of rules: 6684
Number of conditions: 2131
Accuracy: 0.4065022669468097
Train AUC: 0.9971579921692689
AUC: 0.5875337890995712
FPR: 0.6547574276043625
TPR: 0.8649155722326454
F1-score: 0.25572042712522536
