Accuracy: 0.74
Train AUC: 0.9847817363388931
AUC: 0.7864191729323308
FPR: 0.25892857142857145
TPR: 0.7368421052631579
F1-score: 0.5894736842105264
