Number of rules: 32
Number of conditions: 63
Accuracy: 0.7
Train AUC: 0.8248081841432225
AUC: 0.7032967032967032
FPR: 0.2857142857142857
TPR: 0.6923076923076923
F1-score: 0.7500000000000001
