Number of rules: 1924
Number of conditions: 1572
Accuracy: 0.5815217391304348
Train AUC: 0.9998941018993883
AUC: 0.6132211538461539
FPR: 0.275
TPR: 0.47115384615384615
F1-score: 0.5599999999999999
