Number of rules: 89
Number of conditions: 177
Accuracy: 0.3946932006633499
Train AUC: 0.98175054958424
AUC: 0.5938777739629826
FPR: 0.6614906832298136
TPR: 0.8492462311557789
F1-score: 0.23586880669923238
