Number of rules: 149
Number of conditions: 297
Accuracy: 0.7197679607318161
Train AUC: 0.9235737867351654
AUC: 0.7783606547569788
FPR: 0.191415313225058
TPR: 0.6375161151697465
F1-score: 0.7025811034809377
