Number of rules: 2604
Number of conditions: 1302
Accuracy: 0.5429614066128498
Train AUC: 0.9517246130714769
AUC: 0.5037784521681824
FPR: 0.4495424344991852
TPR: 0.48686679174484054
F1-score: 0.20073486753045833
