Number of rules: 12
Number of conditions: 29
Accuracy: 0.62
Train AUC: 0.9857261370290844
AUC: 0.6841306459446334
FPR: 0.25862068965517243
TPR: 0.5704225352112676
F1-score: 0.680672268907563
