Accuracy: 0.3957987838584853
Train AUC: 0.9966805677763977
AUC: 0.5996874999999999
FPR: 0.670625
TPR: 0.9043062200956937
F1-score: 0.25696804894629505
