Number of rules: 17
Number of conditions: 39
Accuracy: 0.5569007263922519
Train AUC: 0.9458926008090827
AUC: 0.7487385826309143
FPR: 0.1341772151898734
TPR: 0.2737819025522042
F1-score: 0.39202657807308966
