Accuracy: 0.625
Train AUC: 0.9187500000000001
AUC: 0.6383333333333334
FPR: 0.2
TPR: 0.5666666666666667
F1-score: 0.6938775510204083
