Accuracy: 0.5973895582329317
Train AUC: 0.9110640482608137
AUC: 0.68223128671093
FPR: 0.6477958236658933
TPR: 0.8244520842286206
F1-score: 0.6801382611007711
