Number of rules: 775
Number of conditions: 1549
Accuracy: 0.38529574350469875
Train AUC: 0.8416636879939632
AUC: 0.45580537283732236
FPR: 0.6386075949367088
TPR: 0.5502183406113537
F1-score: 0.18475073313782991
