Accuracy: 0.675
Train AUC: 0.8337595907928389
AUC: 0.7946708463949843
FPR: 0.36363636363636365
TPR: 0.6896551724137931
F1-score: 0.7547169811320755
