Number of rules: 255
Number of conditions: 509
Accuracy: 0.7093931280678268
Train AUC: 0.9199112495908449
AUC: 0.718199223879466
FPR: 0.21345707656612528
TPR: 0.6379458530296519
F1-score: 0.6950719887627297
