Accuracy: 0.5804311774461028
Train AUC: 0.9887281023644661
AUC: 0.6528475273767176
FPR: 0.43440050219711235
TPR: 0.6898148148148148
F1-score: 0.2819299905392621
