Number of rules: 296
Number of conditions: 422
Accuracy: 0.27705295471987723
Train AUC: 0.9723757195185767
AUC: 0.6891698330912924
FPR: 0.9401197604790419
TPR: 1.0
F1-score: 0.3898963730569948
