Number of rules: 55
Number of conditions: 179
Accuracy: 0.7857142857142857
Train AUC: 0.9475256248347969
AUC: 0.877875685943436
FPR: 0.08980582524271845
TPR: 0.6618357487922706
F1-score: 0.7558620689655174
