Number of rules: 4254
Number of conditions: 334
Accuracy: 0.67
Train AUC: 0.9674538666666666
AUC: 0.6905050995628945
FPR: 0.4482758620689655
TPR: 0.7183098591549296
F1-score: 0.7555555555555555
