Accuracy: 0.8204144282425173
Train AUC: 1.0
AUC: 0.7911007656496479
FPR: 0.1519756838905775
TPR: 0.7341772151898734
F1-score: 0.664756446991404
