Number of rules: 3686
Number of conditions: 2494
Accuracy: 0.29525564256103176
Train AUC: 0.9695516304347825
AUC: 0.7270944112740193
FPR: 0.9260755402948899
TPR: 0.9967989756722151
F1-score: 0.4042056074766355
