Number of rules: 2103
Number of conditions: 302
Accuracy: 0.33766233766233766
Train AUC: 0.9675692307692307
AUC: 0.5243926141885326
FPR: 0.9714285714285714
TPR: 1.0
F1-score: 0.48999999999999994
