Number of rules: 19
Number of conditions: 65
Accuracy: 0.7910333179794258
Train AUC: 0.9568361813358301
AUC: 0.8440085436509546
FPR: 0.1751161381539083
TPR: 0.6837387964148528
F1-score: 0.610809265084358
