Number of rules: 234
Number of conditions: 467
Accuracy: 0.5974025974025974
Train AUC: 0.8578969131322678
AUC: 0.6495626822157434
FPR: 0.41904761904761906
TPR: 0.6326530612244898
F1-score: 0.5
