Accuracy: 0.67
Train AUC: 0.9720831999999999
AUC: 0.7185526954832443
FPR: 0.3103448275862069
TPR: 0.6619718309859155
F1-score: 0.7401574803149606
