Number of rules: 101
Number of conditions: 201
Accuracy: 0.842391304347826
Train AUC: 0.978946905766526
AUC: 0.8621995192307692
FPR: 0.225
TPR: 0.8942307692307693
F1-score: 0.8651162790697674
