Number of rules: 108
Number of conditions: 324
Accuracy: 0.6419329868406503
Train AUC: 0.8840876024818543
AUC: 0.4977275779498328
FPR: 0.3150307133007396
TPR: 0.3198874296435272
F1-score: 0.1739795918367347
