Accuracy: 0.775
Train AUC: 0.8734015345268542
AUC: 0.8510971786833856
FPR: 0.36363636363636365
TPR: 0.8275862068965517
F1-score: 0.8421052631578947
