Number of rules: 7
Number of conditions: 17
Accuracy: 0.6038598839803659
Train AUC: 0.7384746666666666
AUC: 0.6912667994101325
FPR: 0.7132250580046404
TPR: 0.8975075204125483
F1-score: 0.7017219655606888
