Number of rules: 19
Number of conditions: 59
Accuracy: 0.807367613200307
Train AUC: 0.966590921764345
AUC: 0.8720738671511269
FPR: 0.15191146881287726
TPR: 0.6763754045307443
F1-score: 0.624813153961136
