Number of rules: 23
Number of conditions: 60
Accuracy: 0.7428890128276632
Train AUC: 0.9650149228404304
AUC: 0.8133403455710607
FPR: 0.22025912838633688
TPR: 0.7097457627118644
F1-score: 0.7440310938367573
