Number of rules: 70
Number of conditions: 206
Accuracy: 0.5920096852300242
Train AUC: 0.937748760276654
AUC: 0.7297731496954025
FPR: 0.14180929095354522
TPR: 0.33093525179856115
F1-score: 0.4502446982055465
