Number of rules: 218
Number of conditions: 198
Accuracy: 0.27222478120681715
Train AUC: 0.893698195838203
AUC: 0.7236334774774869
FPR: 0.9557665118157948
TPR: 0.9948783610755442
F1-score: 0.3960244648318043
