Number of rules: 15
Number of conditions: 55
Accuracy: 0.7297297297297297
Train AUC: 0.8201754385964912
AUC: 0.8276397515527949
FPR: 0.14285714285714285
TPR: 0.6521739130434783
F1-score: 0.75
