Number of rules: 71
Number of conditions: 141
Accuracy: 0.28281897742975587
Train AUC: 0.8595822533922854
AUC: 0.5577331989217765
FPR: 0.9406180569581902
TPR: 0.9910371318822023
F1-score: 0.3986095017381228
