Number of rules: 467
Number of conditions: 392
Accuracy: 0.5161290322580645
Train AUC: 0.8771929824561404
AUC: 0.5909090909090909
FPR: 0.6
TPR: 0.7272727272727273
F1-score: 0.5161290322580645
