Accuracy: 0.8298787041302012
Train AUC: 0.9665178571428572
AUC: 0.8590417849082337
FPR: 0.08180165623106443
TPR: 0.5499359795134443
F1-score: 0.6079263977353149
