Number of rules: 20
Number of conditions: 51
Accuracy: 0.6402677077523703
Train AUC: 0.8626682058919428
AUC: 0.7478378008412355
FPR: 0.6090395480225989
TPR: 0.8832599118942731
F1-score: 0.7132058692752333
