Number of rules: 2495
Number of conditions: 1858
Accuracy: 0.7798249654537079
Train AUC: 0.9616085484462271
AUC: 0.8457032568337441
FPR: 0.20925065643304383
TPR: 0.7451984635083226
F1-score: 0.6188197767145135
