Accuracy: 0.29
Train AUC: 0.8254764292878636
AUC: 0.5505099562894609
FPR: 0.0
TPR: 0.0
F1-score: 0.0
