Number of rules: 72
Number of conditions: 259
Accuracy: 0.5617433414043583
Train AUC: 0.9416432859193526
AUC: 0.7041699843699313
FPR: 0.14960629921259844
TPR: 0.3146067415730337
F1-score: 0.43613707165109034
