Accuracy: 0.2870299309286262
Train AUC: 0.991585557299843
AUC: 0.6639798591266858
FPR: 0.951844262295082
TPR: 1.0
F1-score: 0.41313960833859764
