Number of rules: 24
Number of conditions: 116
Accuracy: 0.5
Train AUC: 0.9462915601023018
AUC: 0.5956112852664577
FPR: 0.5454545454545454
TPR: 0.5172413793103449
F1-score: 0.6000000000000001
