Accuracy: 0.8108108108108109
Train AUC: 0.96875
AUC: 0.9530303030303031
FPR: 0.2
TPR: 0.8181818181818182
F1-score: 0.8372093023255814
