Number of rules: 45
Number of conditions: 163
Accuracy: 0.4594594594594595
Train AUC: 0.9033333333333333
AUC: 0.5352941176470588
FPR: 0.4
TPR: 0.29411764705882354
F1-score: 0.33333333333333337
