Number of rules: 14
Number of conditions: 34
Accuracy: 0.625
Train AUC: 0.9882651666237777
AUC: 0.6928727537639631
FPR: 0.2413793103448276
TPR: 0.5704225352112676
F1-score: 0.6835443037974684
