Accuracy: 0.5677169707020453
Train AUC: 0.9891177618450345
AUC: 0.6376726442889015
FPR: 0.4436042848141147
TPR: 0.6486486486486487
F1-score: 0.2691588785046729
