Number of rules: 16
Number of conditions: 58
Accuracy: 0.6688311688311688
Train AUC: 0.8934887179129064
AUC: 0.7000971817298348
FPR: 0.3238095238095238
TPR: 0.6530612244897959
F1-score: 0.5565217391304348
