Number of rules: 704
Number of conditions: 352
Accuracy: 0.33116883116883117
Train AUC: 0.9705022903174855
AUC: 0.5327502429543246
FPR: 0.9809523809523809
TPR: 1.0
F1-score: 0.48756218905472637
