Number of rules: 6119
Number of conditions: 1578
Accuracy: 0.7996608527131783
Train AUC: 0.9851394403176229
AUC: 0.8749295784566413
FPR: 0.21497584541062803
TPR: 0.814382896015549
F1-score: 0.8021057669298876
