Number of rules: 56
Number of conditions: 111
Accuracy: 0.5581395348837209
Train AUC: 0.8588559490922085
AUC: 0.5723675253400187
FPR: 0.08502415458937199
TPR: 0.19922254616132168
F1-score: 0.3101361573373676
