Accuracy: 0.5940428380187416
Train AUC: 0.9155733333333334
AUC: 0.6840901023693411
FPR: 0.6494199535962877
TPR: 0.8195100988397078
F1-score: 0.6770213898997072
