Number of rules: 70
Number of conditions: 139
Accuracy: 0.68
Train AUC: 0.885074115595416
AUC: 0.5183341427877611
FPR: 0.9137931034482759
TPR: 0.9225352112676056
F1-score: 0.803680981595092
