Number of rules: 110
Number of conditions: 347
Accuracy: 0.359314538419016
Train AUC: 0.9373075446469942
AUC: 0.44888756840417887
FPR: 0.6740506329113924
TPR: 0.5895196506550219
F1-score: 0.18894331700489853
