Accuracy: 0.5
Train AUC: 1.0
AUC: 0.33014354066985646
FPR: 0.2631578947368421
TPR: 0.09090909090909091
F1-score: 0.11764705882352942
