Number of rules: 6
Number of conditions: 11
Accuracy: 0.34415584415584416
Train AUC: 0.9405307218448903
AUC: 0.5783284742468416
FPR: 0.9619047619047619
TPR: 1.0
F1-score: 0.4924623115577889
