Number of rules: 16
Number of conditions: 62
Accuracy: 0.7419354838709677
Train AUC: 0.7894736842105263
AUC: 0.7702020202020202
FPR: 0.13636363636363635
TPR: 0.4444444444444444
F1-score: 0.5
