Number of rules: 5208
Number of conditions: 1546
Accuracy: 0.657608695652174
Train AUC: 0.999960657801558
AUC: 0.6938701923076923
FPR: 0.55
TPR: 0.8173076923076923
F1-score: 0.7296137339055793
