Number of rules: 73
Number of conditions: 231
Accuracy: 0.41380072984628996
Train AUC: 0.9915239160270422
AUC: 0.6384776847884197
FPR: 0.6437257114203334
TPR: 0.8442776735459663
F1-score: 0.25348542458808626
