Number of rules: 627
Number of conditions: 527
Accuracy: 0.575
Train AUC: 0.918158567774936
AUC: 0.6833855799373041
FPR: 0.36363636363636365
TPR: 0.5517241379310345
F1-score: 0.6530612244897959
