Number of rules: 64
Number of conditions: 206
Accuracy: 0.7297297297297297
Train AUC: 0.827485380116959
AUC: 0.8435672514619883
FPR: 0.2631578947368421
TPR: 0.7222222222222222
F1-score: 0.7222222222222222
