Number of rules: 7
Number of conditions: 27
Accuracy: 0.6826193663543061
Train AUC: 0.890066117383786
AUC: 0.7610832235723679
FPR: 0.35104408352668215
TPR: 0.7137945853029652
F1-score: 0.7001791548108337
