Number of rules: 125
Number of conditions: 157
Accuracy: 0.7478712816543183
Train AUC: 0.9130874453165208
AUC: 0.8449120607299457
FPR: 0.2601228532029585
TPR: 0.8076923076923077
F1-score: 0.4302848575712144
